Id,Prediction
1,5
2,5
3,14
4,3
5,10
6,4
7,6
8,5
9,14
10,11
11,10
12,11
13,9
14,14
15,9
16,10
17,7
18,4
19,2
20,2
21,9
22,14
23,7
24,2
25,4
26,9
27,12
28,1
29,4
30,7
31,9
32,9
33,2
34,2
35,9
36,8
37,9
38,12
39,4
40,4
41,9
42,8
43,12
44,1
45,4
46,2
47,9
48,14
49,8
50,3
51,14
52,12
53,4
54,7
55,7
56,2
57,4
58,5
59,14
60,9
61,3
62,7
63,1
64,6
65,9
66,4
67,5
68,5
69,7
70,11
71,11
72,4
73,5
74,7
75,5
76,11
77,5
78,5
79,14
80,9
81,7
82,7
83,12
84,4
85,4
86,2
87,7
88,7
89,9
90,7
91,14
92,9
93,8
94,9
95,11
96,9
97,5
98,14
99,9
100,11
101,14
102,4
103,5
104,7
105,6
106,1
107,10
108,4
109,5
110,5
111,1
112,5
113,2
114,9
115,1
116,5
117,14
118,1
119,4
120,10
121,8
122,14
123,12
124,14
125,4
126,7
127,1
128,10
129,2
130,4
131,12
132,9
133,4
134,7
135,14
136,9
137,4
138,9
139,5
140,2
141,9
142,12
143,3
144,7
145,4
146,5
147,5
148,9
149,11
150,5
151,6
152,12
153,11
154,9
155,2
156,14
157,8
158,11
159,7
160,7
161,9
162,12
163,4
164,14
165,4
166,1
167,4
168,9
169,4
170,5
171,5
172,3
173,2
174,14
175,11
176,5
177,9
178,9
179,11
180,2
181,9
182,11
183,7
184,14
185,11
186,5
187,9
188,9
189,7
190,9
191,14
192,2
193,1
194,7
195,10
196,5
197,6
198,2
199,8
200,7
201,1
202,9
203,9
204,7
205,9
206,11
207,6
208,12
209,4
210,7
211,4
212,8
213,7
214,12
215,12
216,4
217,9
218,7
219,8
220,9
221,14
222,9
223,7
224,9
225,6
226,7
227,8
228,5
229,9
230,5
231,4
232,1
233,7
234,12
235,10
236,6
237,5
238,12
239,7
240,7
241,5
242,10
243,4
244,8
245,14
246,12
247,9
248,5
249,5
250,4
251,2
252,12
253,7
254,4
255,9
256,6
257,14
258,9
259,7
260,12
261,14
262,14
263,7
264,12
265,7
266,14
267,4
268,5
269,3
270,4
271,8
272,4
273,9
274,12
275,5
276,1
277,12
278,6
279,7
280,6
281,7
282,11
283,7
284,14
285,5
286,5
287,4
288,5
289,1
290,5
291,1
292,14
293,8
294,10
295,4
296,12
297,5
298,5
299,2
300,7
301,9
302,14
303,12
304,3
305,4
306,8
307,4
308,4
309,10
310,8
311,2
312,10
313,14
314,9
315,12
316,4
317,10
318,14
319,7
320,8
321,14
322,8
323,10
324,9
325,5
326,12
327,1
328,4
329,4
330,7
331,8
332,9
333,8
334,9
335,10
336,8
337,9
338,9
339,9
340,12
341,9
342,5
343,11
344,7
345,7
346,7
347,9
348,4
349,9
350,2
351,7
352,12
353,7
354,5
355,2
356,5
357,5
358,11
359,4
360,9
361,1
362,5
363,9
364,7
365,7
366,4
367,10
368,9
369,5
370,7
371,14
372,9
373,6
374,14
375,1
376,5
377,8
378,3
379,2
380,12
381,9
382,1
383,9
384,14
385,9
386,2
387,1
388,5
389,7
390,3
391,5
392,2
393,9
394,6
395,5
396,5
397,14
398,5
399,5
400,10
401,7
402,4
403,5
404,9
405,14
406,1
407,4
408,9
409,8
410,9
411,5
412,9
413,5
414,9
415,12
416,6
417,14
418,10
419,12
420,14
421,3
422,4
423,12
424,9
425,4
426,9
427,10
428,10
429,11
430,4
431,5
432,6
433,14
434,1
435,3
436,2
437,5
438,1
439,3
440,12
441,4
442,3
443,7
444,8
445,5
446,12
447,6
448,3
449,4
450,8
451,2
452,5
453,5
454,7
455,1
456,8
457,9
458,5
459,4
460,3
461,8
462,4
463,1
464,5
465,5
466,9
467,8
468,5
469,14
470,7
471,8
472,2
473,2
474,4
475,8
476,7
477,7
478,7
479,9
480,10
481,4
482,7
483,4
484,9
485,9
486,7
487,5
488,5
489,5
490,10
491,7
492,14
493,9
494,9
495,10
496,7
497,14
498,12
499,12
500,9
501,12
502,8
503,14
504,9
505,1
506,9
507,5
508,2
509,9
510,4
511,14
512,12
513,8
514,11
515,5
516,14
517,2
518,5
519,5
520,5
521,3
522,2
523,1
524,9
525,8
526,10
527,12
528,12
529,4
530,4
531,9
532,9
533,7
534,7
535,10
536,7
537,10
538,12
539,12
540,9
541,1
542,11
543,8
544,4
545,9
546,7
547,4
548,10
549,9
550,4
551,9
552,6
553,2
554,10
555,9
556,14
557,3
558,9
559,4
560,10
561,5
562,7
563,3
564,7
565,7
566,4
567,2
568,12
569,5
570,7
571,7
572,2
573,12
574,7
575,7
576,10
577,1
578,5
579,5
580,5
581,5
582,4
583,11
584,11
585,9
586,12
587,12
588,2
589,14
590,8
591,2
592,12
593,5
594,12
595,5
596,8
597,4
598,9
599,12
600,9
601,1
602,11
603,4
604,9
605,7
606,2
607,2
608,1
609,7
610,10
611,8
612,11
613,4
614,9
615,5
616,3
617,14
618,12
619,8
620,1
621,9
622,8
623,5
624,5
625,3
626,14
627,9
628,9
629,3
630,5
631,4
632,8
633,4
634,10
635,6
636,5
637,7
638,4
639,5
640,6
641,9
642,11
643,9
644,14
645,9
646,5
647,5
648,4
649,11
650,14
651,2
652,7
653,9
654,10
655,10
656,5
657,9
658,4
659,5
660,9
661,8
662,5
663,8
664,4
665,7
666,7
667,8
668,10
669,4
670,12
671,5
672,9
673,12
674,5
675,10
676,5
677,8
678,4
679,6
680,1
681,4
682,9
683,9
684,5
685,11
686,8
687,4
688,8
689,14
690,14
691,12
692,7
693,9
694,3
695,5
696,9
697,12
698,9
699,9
700,7
701,9
702,5
703,2
704,14
705,8
706,8
707,3
708,9
709,11
710,5
711,12
712,5
713,4
714,6
715,8
716,5
717,14
718,7
719,10
720,14
721,1
722,12
723,2
724,8
725,7
726,5
727,1
728,14
729,11
730,1
731,8
732,5
733,9
734,3
735,12
736,12
737,3
738,1
739,11
740,9
741,3
742,2
743,10
744,2
745,6
746,9
747,4
748,9
749,4
750,1
751,7
752,8
753,10
754,12
755,4
756,2
757,7
758,5
759,4
760,8
761,7
762,3
763,8
764,5
765,9
766,7
767,3
768,2
769,11
770,11
771,9
772,9
773,7
774,11
775,3
776,9
777,5
778,8
779,4
780,5
781,10
782,12
783,6
784,7
785,5
786,7
787,4
788,9
789,12
790,1
791,10
792,6
793,12
794,14
795,9
796,9
797,2
798,9
799,9
800,12
801,10
802,5
803,14
804,1
805,1
806,8
807,4
808,6
809,5
810,9
811,5
812,14
813,4
814,1
815,14
816,1
817,12
818,8
819,9
820,9
821,12
822,12
823,9
824,9
825,5
826,14
827,7
828,14
829,9
830,7
831,5
832,12
833,6
834,7
835,2
836,6
837,10
838,9
839,9
840,4
841,5
842,3
843,5
844,1
845,3
846,4
847,14
848,3
849,9
850,8
851,10
852,5
853,14
854,3
855,14
856,4
857,7
858,8
859,9
860,7
861,13
862,7
863,8
864,5
865,5
866,12
867,9
868,5
869,3
870,3
871,5
872,8
873,14
874,4
875,10
876,9
877,12
878,10
879,11
880,9
881,7
882,1
883,4
884,1
885,8
886,9
887,5
888,9
889,11
890,7
891,4
892,7
893,10
894,9
895,14
896,2
897,14
898,1
899,9
900,1
901,5
902,4
903,9
904,10
905,12
906,5
907,7
908,4
909,3
910,9
911,1
912,12
913,10
914,5
915,1
916,12
917,7
918,8
919,7
920,1
921,5
922,10
923,1
924,9
925,14
926,3
927,4
928,4
929,4
930,3
931,5
932,9
933,5
934,4
935,2
936,4
937,3
938,3
939,1
940,5
941,5
942,4
943,2
944,8
945,8
946,14
947,11
948,1
949,14
950,8
951,14
952,9
953,14
954,3
955,9
956,5
957,7
958,4
959,4
960,7
961,9
962,9
963,7
964,5
965,5
966,6
967,12
968,7
969,5
970,4
971,3
972,12
973,8
974,5
975,9
976,10
977,9
978,12
979,8
980,10
981,14
982,9
983,9
984,3
985,4
986,4
987,7
988,12
989,7
990,9
991,9
992,1
993,8
994,4
995,9
996,1
997,10
998,10
999,5
1000,4
1001,8
1002,12
1003,10
1004,11
1005,14
1006,9
1007,7
1008,2
1009,3
1010,9
1011,12
1012,9
1013,7
1014,4
1015,6
1016,5
1017,8
1018,6
1019,10
1020,11
1021,5
1022,4
1023,5
1024,7
1025,9
1026,5
1027,9
1028,9
1029,14
1030,14
1031,9
1032,5
1033,10
1034,2
1035,2
1036,12
1037,8
1038,12
1039,9
1040,8
1041,9
1042,6
1043,9
1044,1
1045,7
1046,5
1047,5
1048,11
1049,1
1050,12
1051,9
1052,10
1053,4
1054,4
1055,7
1056,12
1057,14
1058,5
1059,14
1060,7
1061,7
1062,2
1063,6
1064,14
1065,8
1066,7
1067,10
1068,14
1069,12
1070,7
1071,9
1072,4
1073,1
1074,1
1075,5
1076,14
1077,12
1078,2
1079,1
1080,7
1081,9
1082,14
1083,2
1084,9
1085,10
1086,10
1087,2
1088,2
1089,4
1090,9
1091,9
1092,7
1093,6
1094,9
1095,8
1096,11
1097,7
1098,9
1099,4
1100,2
1101,5
1102,12
1103,4
1104,5
1105,7
1106,4
1107,8
1108,10
1109,4
1110,9
1111,12
1112,12
1113,9
1114,7
1115,9
1116,7
1117,9
1118,12
1119,4
1120,5
1121,6
1122,10
1123,6
1124,12
1125,1
1126,5
1127,7
1128,9
1129,8
1130,5
1131,14
1132,5
1133,8
1134,7
1135,5
1136,4
1137,2
1138,7
1139,8
1140,3
1141,11
1142,9
1143,10
1144,9
1145,7
1146,7
1147,14
1148,5
1149,9
1150,2
1151,2
1152,6
1153,6
1154,1
1155,14
1156,6
1157,14
1158,2
1159,9
1160,12
1161,7
1162,1
1163,12
1164,1
1165,12
1166,7
1167,2
1168,14
1169,11
1170,5
1171,7
1172,10
1173,2
1174,4
1175,9
1176,14
1177,4
1178,12
1179,10
1180,12
1181,7
1182,9
1183,4
1184,11
1185,14
1186,8
1187,5
1188,7
1189,4
1190,9
1191,5
1192,9
1193,4
1194,4
1195,4
1196,9
1197,12
1198,8
1199,4
1200,10
1201,5
1202,12
1203,6
1204,11
1205,8
1206,5
1207,1
1208,7
1209,6
1210,4
1211,5
1212,5
1213,11
1214,12
1215,1
1216,4
1217,1
1218,9
1219,1
1220,7
1221,3
1222,9
1223,5
1224,5
1225,12
1226,12
1227,5
1228,7
1229,14
1230,10
1231,10
1232,7
1233,5
1234,1
1235,9
1236,9
1237,6
1238,4
1239,10
1240,8
1241,6
1242,9
1243,2
1244,5
1245,1
1246,7
1247,9
1248,2
1249,3
1250,9
1251,7
1252,2
1253,10
1254,4
1255,5
1256,8
1257,9
1258,5
1259,14
1260,12
1261,2
1262,10
1263,8
1264,4
1265,6
1266,7
1267,9
1268,4
1269,12
1270,2
1271,10
1272,9
1273,4
1274,10
1275,7
1276,9
1277,12
1278,5
1279,9
1280,9
1281,9
1282,7
1283,5
1284,1
1285,7
1286,9
1287,12
1288,4
1289,5
1290,7
1291,14
1292,12
1293,14
1294,12
1295,9
1296,14
1297,4
1298,9
1299,9
1300,9
1301,4
1302,3
1303,7
1304,11
1305,9
1306,14
1307,7
1308,1
1309,5
1310,8
1311,4
1312,9
1313,5
1314,9
1315,14
1316,7
1317,5
1318,9
1319,7
1320,8
1321,9
1322,5
1323,12
1324,8
1325,3
1326,5
1327,10
1328,9
1329,7
1330,2
1331,4
1332,7
1333,5
1334,12
1335,12
1336,8
1337,7
1338,4
1339,4
1340,9
1341,13
1342,8
1343,4
1344,14
1345,3
1346,2
1347,7
1348,8
1349,4
1350,2
1351,9
1352,8
1353,11
1354,9
1355,4
1356,7
1357,9
1358,8
1359,6
1360,3
1361,5
1362,2
1363,5
1364,6
1365,9
1366,3
1367,4
1368,12
1369,7
1370,14
1371,3
1372,7
1373,14
1374,4
1375,14
1376,9
1377,9
1378,1
1379,1
1380,14
1381,7
1382,3
1383,2
1384,9
1385,8
1386,1
1387,5
1388,9
1389,9
1390,4
1391,3
1392,8
1393,9
1394,7
1395,7
1396,8
1397,12
1398,2
1399,12
1400,9
1401,7
1402,9
1403,9
1404,3
1405,7
1406,9
1407,8
1408,8
1409,4
1410,9
1411,14
1412,14
1413,9
1414,4
1415,7
1416,9
1417,4
1418,9
1419,7
1420,9
1421,1
1422,9
1423,1
1424,2
1425,14
1426,9
1427,6
1428,8
1429,1
1430,7
1431,7
1432,7
1433,4
1434,9
1435,6
1436,2
1437,10
1438,5
1439,7
1440,5
1441,12
1442,8
1443,5
1444,2
1445,7
1446,6
1447,5
1448,12
1449,9
1450,7
1451,7
1452,5
1453,5
1454,11
1455,9
1456,5
1457,2
1458,9
1459,9
1460,9
1461,5
1462,9
1463,12
1464,12
1465,14
1466,14
1467,5
1468,1
1469,12
1470,10
1471,3
1472,2
1473,7
1474,9
1475,10
1476,9
1477,12
1478,7
1479,5
1480,9
1481,5
1482,3
1483,9
1484,9
1485,9
1486,2
1487,9
1488,12
1489,5
1490,3
1491,9
1492,14
1493,7
1494,1
1495,1
1496,9
1497,9
1498,4
1499,8
1500,14
1501,10
1502,5
1503,10
1504,1
1505,14
1506,7
1507,3
1508,4
1509,3
1510,14
1511,12
1512,14
1513,14
1514,12
1515,9
1516,9
1517,9
1518,5
1519,3
1520,5
1521,1
1522,14
1523,7
1524,7
1525,14
1526,12
1527,1
1528,4
1529,4
1530,8
1531,12
1532,1
1533,9
1534,4
1535,2
1536,14
1537,2
1538,9
1539,8
1540,7
1541,2
1542,4
1543,8
1544,9
1545,5
1546,9
1547,6
1548,1
1549,7
1550,12
1551,14
1552,2
1553,9
1554,7
1555,7
1556,10
1557,10
1558,12
1559,7
1560,4
1561,5
1562,9
1563,9
1564,8
1565,5
1566,10
1567,10
1568,9
1569,9
1570,9
1571,9
1572,14
1573,8
1574,9
1575,5
1576,12
1577,2
1578,4
1579,8
1580,14
1581,9
1582,3
1583,10
1584,5
1585,14
1586,4
1587,14
1588,8
1589,7
1590,5
1591,3
1592,5
1593,7
1594,8
1595,12
1596,9
1597,14
1598,7
1599,14
1600,2
1601,9
1602,7
1603,12
1604,9
1605,5
1606,4
1607,6
1608,9
1609,4
1610,12
1611,9
1612,8
1613,6
1614,12
1615,2
1616,6
1617,10
1618,14
1619,8
1620,9
1621,8
1622,14
1623,4
1624,10
1625,1
1626,8
1627,2
1628,3
1629,7
1630,2
1631,5
1632,4
1633,7
1634,7
1635,4
1636,9
1637,14
1638,1
1639,9
1640,3
1641,4
1642,5
1643,8
1644,4
1645,11
1646,9
1647,8
1648,9
1649,6
1650,4
1651,9
1652,5
1653,1
1654,5
1655,14
1656,5
1657,7
1658,4
1659,4
1660,7
1661,10
1662,4
1663,14
1664,3
1665,5
1666,1
1667,9
1668,5
1669,9
1670,11
1671,5
1672,3
1673,1
1674,10
1675,9
1676,14
1677,4
1678,12
1679,9
1680,3
1681,9
1682,11
1683,7
1684,9
1685,12
1686,8
1687,4
1688,4
1689,5
1690,3
1691,10
1692,1
1693,7
1694,10
1695,5
1696,10
1697,9
1698,9
1699,3
1700,1
1701,9
1702,7
1703,8
1704,11
1705,10
1706,9
1707,14
1708,7
1709,1
1710,12
1711,11
1712,1
1713,12
1714,8
1715,7
1716,10
1717,7
1718,8
1719,5
1720,9
1721,7
1722,3
1723,11
1724,5
1725,5
1726,5
1727,14
1728,9
1729,10
1730,7
1731,4
1732,8
1733,5
1734,5
1735,5
1736,9
1737,4
1738,9
1739,12
1740,14
1741,7
1742,5
1743,9
1744,8
1745,10
1746,1
1747,9
1748,10
1749,6
1750,9
1751,7
1752,7
1753,7
1754,11
1755,9
1756,5
1757,4
1758,5
1759,9
1760,7
1761,12
1762,14
1763,2
1764,9
1765,14
1766,5
1767,11
1768,14
1769,4
1770,11
1771,2
1772,5
1773,8
1774,4
1775,14
1776,14
1777,14
1778,7
1779,4
1780,5
1781,9
1782,7
1783,7
1784,9
1785,7
1786,5
1787,9
1788,4
1789,3
1790,4
1791,1
1792,4
1793,9
1794,3
1795,12
1796,10
1797,5
1798,7
1799,11
1800,5
1801,4
1802,7
1803,9
1804,8
1805,3
1806,7
1807,7
1808,5
1809,12
1810,2
1811,1
1812,10
1813,9
1814,5
1815,10
1816,7
1817,1
1818,8
1819,7
1820,12
1821,7
1822,7
1823,14
1824,9
1825,4
1826,5
1827,14
1828,8
1829,8
1830,7
1831,10
1832,5
1833,10
1834,7
1835,2
1836,6
1837,12
1838,8
1839,9
1840,9
1841,1
1842,7
1843,7
1844,14
1845,11
1846,9
1847,5
1848,2
1849,3
1850,12
1851,12
1852,9
1853,8
1854,4
1855,10
1856,7
1857,1
1858,9
1859,7
1860,1
1861,4
1862,9
1863,8
1864,7
1865,9
1866,5
1867,9
1868,5
1869,8
1870,9
1871,6
1872,9
1873,5
1874,3
1875,7
1876,7
1877,5
1878,3
1879,9
1880,11
1881,5
1882,7
1883,12
1884,11
1885,9
1886,5
1887,5
1888,7
1889,10
1890,5
1891,11
1892,4
1893,5
1894,12
1895,9
1896,1
1897,11
1898,7
1899,5
1900,9
1901,4
1902,12
1903,1
1904,3
1905,14
1906,9
1907,4
1908,12
1909,5
1910,2
1911,9
1912,5
1913,8
1914,14
1915,2
1916,4
1917,8
1918,8
1919,3
1920,9
1921,9
1922,9
1923,7
1924,4
1925,9
1926,2
1927,7
1928,12
1929,9
1930,2
1931,5
1932,9
1933,7
1934,9
1935,5
1936,2
1937,4
1938,9
1939,7
1940,9
1941,14
1942,5
1943,7
1944,14
1945,5
1946,8
1947,4
1948,10
1949,9
1950,6
1951,6
1952,12
1953,8
1954,5
1955,1
1956,8
1957,1
1958,5
1959,14
1960,9
1961,4
1962,12
1963,7
1964,12
1965,9
1966,2
1967,9
1968,9
1969,3
1970,7
1971,4
1972,9
1973,10
1974,7
1975,5
1976,4
1977,7
1978,5
1979,7
1980,1
1981,5
1982,14
1983,5
1984,9
1985,11
1986,7
1987,9
1988,12
1989,6
1990,7
1991,10
1992,5
1993,10
1994,9
1995,9
1996,10
1997,14
1998,12
1999,3
2000,7
2001,14
2002,11
2003,7
2004,5
2005,10
2006,4
2007,9
2008,4
2009,5
2010,4
2011,1
2012,4
2013,9
2014,9
2015,11
2016,5
2017,12
2018,7
2019,7
2020,14
2021,4
2022,2
2023,9
2024,9
2025,14
2026,11
2027,14
2028,7
2029,3
2030,9
2031,12
2032,4
2033,9
2034,3
2035,3
2036,7
2037,9
2038,4
2039,9
2040,14
2041,11
2042,5
2043,7
2044,8
2045,14
2046,8
2047,7
2048,9
2049,12
2050,1
2051,8
2052,14
2053,10
2054,5
2055,12
2056,8
2057,2
2058,1
2059,9
2060,9
2061,9
2062,5
2063,8
2064,14
2065,1
2066,14
2067,4
2068,5
2069,9
2070,8
2071,5
2072,8
2073,4
2074,5
2075,12
2076,9
2077,5
2078,12
2079,5
2080,7
2081,12
2082,8
2083,4
2084,8
2085,3
2086,12
2087,14
2088,7
2089,9
2090,3
2091,9
2092,9
2093,5
2094,9
2095,1
2096,1
2097,5
2098,5
2099,9
2100,8
2101,9
2102,9
2103,4
2104,9
2105,12
2106,2
2107,14
2108,3
2109,14
2110,4
2111,14
2112,9
2113,4
2114,4
2115,5
2116,8
2117,10
2118,14
2119,9
2120,14
2121,12
2122,9
2123,3
2124,10
2125,4
2126,11
2127,12
2128,3
2129,7
2130,12
2131,9
2132,9
2133,9
2134,4
2135,7
2136,7
2137,9
2138,3
2139,12
2140,12
2141,7
2142,8
2143,14
2144,2
2145,9
2146,9
2147,7
2148,11
2149,4
2150,2
2151,1
2152,8
2153,4
2154,3
2155,9
2156,5
2157,4
2158,4
2159,3
2160,5
2161,4
2162,8
2163,9
2164,7
2165,9
2166,8
2167,7
2168,9
2169,5
2170,4
2171,7
2172,7
2173,14
2174,12
2175,12
2176,5
2177,9
2178,9
2179,7
2180,8
2181,8
2182,10
2183,14
2184,12
2185,11
2186,5
2187,14
2188,12
2189,5
2190,12
2191,9
2192,12
2193,9
2194,11
2195,12
2196,9
2197,5
2198,8
2199,11
2200,1
2201,9
2202,9
2203,1
2204,6
2205,11
2206,2
2207,11
2208,4
2209,11
2210,6
2211,7
2212,4
2213,3
2214,12
2215,4
2216,14
2217,11
2218,14
2219,9
2220,5
2221,5
2222,3
2223,4
2224,9
2225,7
2226,14
2227,4
2228,3
2229,5
2230,5
2231,3
2232,11
2233,7
2234,11
2235,9
2236,8
2237,5
2238,7
2239,7
2240,10
2241,2
2242,7
2243,8
2244,14
2245,4
2246,8
2247,7
2248,8
2249,9
2250,1
2251,4
2252,9
2253,9
2254,3
2255,5
2256,11
2257,2
2258,11
2259,14
2260,1
2261,12
2262,14
2263,7
2264,9
2265,4
2266,10
2267,7
2268,9
2269,4
2270,5
2271,8
2272,2
2273,7
2274,1
2275,8
2276,7
2277,3
2278,4
2279,4
2280,12
2281,4
2282,5
2283,9
2284,14
2285,7
2286,8
2287,9
2288,5
2289,11
2290,9
2291,4
2292,8
2293,10
2294,9
2295,6
2296,8
2297,9
2298,4
2299,2
2300,1
2301,14
2302,4
2303,7
2304,10
2305,7
2306,9
2307,4
2308,10
2309,5
2310,9
2311,6
2312,2
2313,11
2314,2
2315,11
2316,6
2317,5
2318,11
2319,9
2320,4
2321,4
2322,12
2323,4
2324,12
2325,11
2326,11
2327,1
2328,6
2329,7
2330,10
2331,10
2332,9
2333,14
2334,2
2335,3
2336,3
2337,9
2338,7
2339,4
2340,14
2341,1
2342,4
2343,5
2344,5
2345,4
2346,8
2347,10
2348,9
2349,5
2350,10
2351,14
2352,12
2353,9
2354,1
2355,8
2356,5
2357,6
2358,5
2359,3
2360,5
2361,1
2362,9
2363,9
2364,5
2365,10
2366,9
2367,14
2368,5
2369,7
2370,1
2371,12
2372,10
2373,9
2374,12
2375,1
2376,10
2377,1
2378,14
2379,6
2380,8
2381,9
2382,5
2383,5
2384,5
2385,4
2386,4
2387,3
2388,7
2389,12
2390,11
2391,7
2392,9
2393,9
2394,11
2395,8
2396,6
2397,5
2398,4
2399,8
2400,14
2401,9
2402,9
2403,7
2404,3
2405,14
2406,7
2407,10
2408,9
2409,4
2410,14
2411,12
2412,14
2413,14
2414,1
2415,9
2416,5
2417,8
2418,12
2419,9
2420,8
2421,9
2422,9
2423,14
2424,4
2425,9
2426,5
2427,6
2428,11
2429,8
2430,9
2431,1
2432,8
2433,4
2434,1
2435,3
2436,14
2437,5
2438,9
2439,6
2440,14
2441,7
2442,3
2443,12
2444,8
2445,7
2446,2
2447,3
2448,5
2449,8
2450,4
2451,14
2452,12
2453,9
2454,12
2455,10
2456,4
2457,9
2458,2
2459,5
2460,9
2461,12
2462,12
2463,4
2464,12
2465,14
2466,9
2467,9
2468,9
2469,1
2470,7
2471,3
2472,7
2473,4
2474,7
2475,8
2476,2
2477,9
2478,5
2479,11
2480,5
2481,7
2482,8
2483,4
2484,5
2485,4
2486,9
2487,12
2488,14
2489,14
2490,2
2491,9
2492,2
2493,4
2494,9
2495,9
2496,9
2497,1
2498,14
2499,9
2500,8
2501,9
2502,6
2503,5
2504,5
2505,9
2506,12
2507,9
2508,10
2509,5
2510,12
2511,11
2512,14
2513,7
2514,14
2515,7
2516,8
2517,10
2518,9
2519,12
2520,9
2521,3
2522,9
2523,9
2524,8
2525,9
2526,7
2527,9
2528,5
2529,1
2530,4
2531,1
2532,8
2533,5
2534,11
2535,5
2536,9
2537,9
2538,9
2539,7
2540,9
2541,12
2542,12
2543,10
2544,1
2545,8
2546,9
2547,5
2548,14
2549,10
2550,12
2551,12
2552,7
2553,11
2554,5
2555,11
2556,4
2557,4
2558,6
2559,10
2560,5
2561,4
2562,10
2563,2
2564,1
2565,5
2566,9
2567,11
2568,3
2569,12
2570,14
2571,5
2572,4
2573,9
2574,9
2575,4
2576,8
2577,3
2578,4
2579,11
2580,6
2581,5
2582,5
2583,12
2584,12
2585,14
2586,3
2587,5
2588,5
2589,6
2590,2
2591,11
2592,9
2593,10
2594,8
2595,9
2596,3
2597,11
2598,7
2599,7
2600,3
2601,7
2602,2
2603,9
2604,12
2605,2
2606,9
2607,14
2608,7
2609,4
2610,8
2611,14
2612,8
2613,7
2614,8
2615,7
2616,9
2617,6
2618,8
2619,5
2620,9
2621,5
2622,3
2623,8
2624,14
2625,11
2626,7
2627,5
2628,5
2629,9
2630,2
2631,7
2632,7
2633,4
2634,9
2635,9
2636,4
2637,7
2638,12
2639,9
2640,9
2641,12
2642,4
2643,9
2644,5
2645,9
2646,4
2647,8
2648,12
2649,8
2650,4
2651,4
2652,9
2653,4
2654,7
2655,12
2656,9
2657,9
2658,1
2659,2
2660,4
2661,2
2662,14
2663,10
2664,14
2665,9
2666,12
2667,11
2668,2
2669,9
2670,12
2671,9
2672,14
2673,9
2674,12
2675,2
2676,5
2677,14
2678,9
2679,5
2680,2
2681,4
2682,7
2683,11
2684,10
2685,1
2686,2
2687,8
2688,12
2689,3
2690,7
2691,8
2692,14
2693,9
2694,5
2695,8
2696,2
2697,9
2698,9
2699,9
2700,9
2701,12
2702,4
2703,4
2704,8
2705,14
2706,5
2707,6
2708,8
2709,8
2710,12
2711,12
2712,9
2713,9
2714,9
2715,4
2716,2
2717,8
2718,9
2719,9
2720,4
2721,2
2722,9
2723,14
2724,9
2725,9
2726,8
2727,9
2728,9
2729,1
2730,9
2731,9
2732,9
2733,1
2734,14
2735,5
2736,14
2737,5
2738,5
2739,7
2740,14
2741,14
2742,5
2743,5
2744,11
2745,12
2746,5
2747,8
2748,4
2749,10
2750,4
2751,14
2752,14
2753,9
2754,5
2755,4
2756,12
2757,9
2758,4
2759,12
2760,1
2761,8
2762,7
2763,7
2764,9
2765,7
2766,1
2767,7
2768,12
2769,14
2770,1
2771,3
2772,9
2773,4
2774,7
2775,1
2776,12
2777,2
2778,14
2779,14
2780,6
2781,10
2782,9
2783,9
2784,4
2785,2
2786,9
2787,6
2788,10
2789,4
2790,9
2791,10
2792,6
2793,5
2794,10
2795,12
2796,9
2797,1
2798,5
2799,7
2800,4
2801,10
2802,2
2803,1
2804,5
2805,8
2806,5
2807,4
2808,10
2809,5
2810,2
2811,5
2812,7
2813,1
2814,3
2815,7
2816,14
2817,1
2818,2
2819,5
2820,10
2821,12
2822,3
2823,2
2824,9
2825,9
2826,2
2827,11
2828,8
2829,5
2830,1
2831,7
2832,5
2833,4
2834,5
2835,7
2836,11
2837,5
2838,6
2839,8
2840,3
2841,5
2842,7
2843,11
2844,9
2845,9
2846,5
2847,9
2848,9
2849,9
2850,1
2851,8
2852,5
2853,5
2854,1
2855,8
2856,3
2857,8
2858,9
2859,9
2860,1
2861,7
2862,5
2863,6
2864,4
2865,7
2866,11
2867,3
2868,5
2869,8
2870,14
2871,1
2872,14
2873,4
2874,4
2875,7
2876,9
2877,8
2878,5
2879,4
2880,7
2881,9
2882,4
2883,5
2884,12
2885,9
2886,9
2887,4
2888,5
2889,9
2890,14
2891,1
2892,1
2893,5
2894,10
2895,9
2896,5
2897,9
2898,2
2899,9
2900,10
2901,3
2902,7
2903,1
2904,7
2905,9
2906,1
2907,2
2908,4
2909,7
2910,1
2911,9
2912,8
2913,12
2914,2
2915,12
2916,5
2917,9
2918,14
2919,12
2920,5
2921,14
2922,9
2923,3
2924,5
2925,9
2926,12
2927,8
2928,2
2929,5
2930,10
2931,4
2932,5
2933,9
2934,9
2935,9
2936,7
2937,5
2938,9
2939,4
2940,4
2941,8
2942,8
2943,1
2944,4
2945,9
2946,4
2947,4
2948,5
2949,3
2950,5
2951,9
2952,11
2953,1
2954,11
2955,11
2956,14
2957,3
2958,7
2959,1
2960,4
2961,14
2962,14
2963,9
2964,9
2965,9
2966,9
2967,4
2968,4
2969,6
2970,7
2971,4
2972,8
2973,10
2974,5
2975,7
2976,5
2977,7
2978,14
2979,14
2980,6
2981,4
2982,4
2983,8
2984,14
2985,10
2986,3
2987,9
2988,7
2989,7
2990,12
2991,9
2992,4
2993,5
2994,7
2995,4
2996,2
2997,5
2998,8
2999,8
3000,8
3001,9
3002,4
3003,2
3004,11
3005,8
3006,7
3007,1
3008,14
3009,6
3010,14
3011,4
3012,7
3013,4
3014,2
3015,5
3016,9
3017,14
3018,9
3019,9
3020,9
3021,7
3022,4
3023,9
3024,14
3025,10
3026,8
3027,5
3028,9
3029,5
3030,7
3031,12
3032,11
3033,7
3034,4
3035,5
3036,5
3037,9
3038,14
3039,4
3040,9
3041,6
3042,14
3043,7
3044,7
3045,5
3046,9
3047,9
3048,8
3049,5
3050,5
3051,6
3052,4
3053,10
3054,4
3055,9
3056,9
3057,3
3058,9
3059,8
3060,14
3061,3
3062,9
3063,7
3064,9
3065,5
3066,7
3067,12
3068,1
3069,5
3070,7
3071,5
3072,12
3073,11
3074,10
3075,11
3076,2
3077,4
3078,10
3079,9
3080,10
3081,7
3082,12
3083,1
3084,5
3085,5
3086,7
3087,12
3088,5
3089,6
3090,9
3091,7
3092,11
3093,10
3094,3
3095,5
3096,3
3097,9
3098,1
3099,5
3100,4
3101,4
3102,8
3103,6
3104,5
3105,5
3106,1
3107,2
3108,4
3109,4
3110,7
3111,12
3112,12
3113,10
3114,4
3115,5
3116,7
3117,12
3118,4
3119,1
3120,10
3121,9
3122,12
3123,11
3124,2
3125,4
3126,5
3127,8
3128,4
3129,1
3130,7
3131,3
3132,5
3133,5
3134,9
3135,7
3136,4
3137,14
3138,10
3139,5
3140,6
3141,4
3142,3
3143,8
3144,14
3145,14
3146,7
3147,9
3148,10
3149,7
3150,5
3151,7
3152,7
3153,4
3154,4
3155,9
3156,9
3157,3
3158,2
3159,9
3160,14
3161,9
3162,4
3163,4
3164,12
3165,11
3166,2
3167,14
3168,14
3169,8
3170,8
3171,4
3172,14
3173,14
3174,5
3175,8
3176,2
3177,9
3178,8
3179,3
3180,14
3181,4
3182,8
3183,10
3184,5
3185,9
3186,8
3187,7
3188,9
3189,9
3190,4
3191,3
3192,12
3193,9
3194,9
3195,12
3196,7
3197,3
3198,9
3199,3
3200,8
3201,9
3202,9
3203,14
3204,10
3205,7
3206,9
3207,14
3208,10
3209,9
3210,8
3211,7
3212,7
3213,2
3214,6
3215,5
3216,1
3217,10
3218,9
3219,2
3220,6
3221,9
3222,9
3223,9
3224,8
3225,14
3226,5
3227,6
3228,4
3229,9
3230,9
3231,7
3232,8
3233,7
3234,10
3235,8
3236,8
3237,12
3238,2
3239,2
3240,12
3241,4
3242,9
3243,6
3244,12
3245,4
3246,2
3247,10
3248,6
3249,5
3250,14
3251,12
3252,2
3253,7
3254,5
3255,9
3256,3
3257,14
3258,5
3259,8
3260,5
3261,5
3262,7
3263,3
3264,7
3265,14
3266,7
3267,8
3268,7
3269,2
3270,5
3271,1
3272,3
3273,8
3274,12
3275,6
3276,13
3277,2
3278,14
3279,12
3280,5
3281,12
3282,4
3283,11
3284,4
3285,14
3286,4
3287,1
3288,4
3289,4
3290,14
3291,5
3292,2
3293,5
3294,4
3295,9
3296,14
3297,5
3298,9
3299,14
3300,12
3301,9
3302,10
3303,1
3304,9
3305,12
3306,4
3307,12
3308,9
3309,2
3310,7
3311,5
3312,14
3313,8
3314,8
3315,9
3316,7
3317,4
3318,5
3319,7
3320,4
3321,14
3322,8
3323,4
3324,14
3325,14
3326,4
3327,10
3328,1
3329,7
3330,14
3331,14
3332,7
3333,3
3334,9
3335,9
3336,11
3337,10
3338,8
3339,9
3340,1
3341,9
3342,4
3343,12
3344,8
3345,7
3346,9
3347,11
3348,12
3349,14
3350,11
3351,8
3352,11
3353,7
3354,11
3355,8
3356,4
3357,9
3358,9
3359,4
3360,7
3361,5
3362,2
3363,3
3364,14
3365,7
3366,12
3367,7
3368,2
3369,5
3370,6
3371,3
3372,10
3373,14
3374,11
3375,2
3376,10
3377,4
3378,5
3379,8
3380,4
3381,9
3382,4
3383,5
3384,5
3385,12
3386,9
3387,10
3388,9
3389,9
3390,7
3391,14
3392,7
3393,2
3394,4
3395,8
3396,2
3397,5
3398,12
3399,8
3400,8
3401,5
3402,5
3403,9
3404,7
3405,8
3406,4
3407,14
3408,9
3409,3
3410,5
3411,1
3412,7
3413,12
3414,7
3415,14
3416,3
3417,4
3418,7
3419,11
3420,11
3421,11
3422,1
3423,5
3424,5
3425,14
3426,9
3427,7
3428,7
3429,8
3430,8
3431,5
3432,1
3433,9
3434,7
3435,1
3436,3
3437,5
3438,6
3439,8
3440,8
3441,14
3442,7
3443,14
3444,2
3445,3
3446,14
3447,4
3448,7
3449,5
3450,8
3451,5
3452,4
3453,3
3454,3
3455,2
3456,9
3457,9
3458,9
3459,10
3460,11
3461,9
3462,11
3463,5
3464,12
3465,11
3466,14
3467,7
3468,9
3469,9
3470,5
3471,8
3472,9
3473,4
3474,14
3475,14
3476,4
3477,4
3478,9
3479,9
3480,11
3481,12
3482,3
3483,12
3484,4
3485,14
3486,14
3487,5
3488,5
3489,9
3490,3
3491,12
3492,2
3493,2
3494,4
3495,4
3496,12
3497,5
3498,4
3499,1
3500,9
