Id,Prediction
1,5
2,4
3,8
4,5
5,10
6,11
7,6
8,7
9,14
10,11
11,10
12,11
13,4
14,14
15,9
16,8
17,7
18,3
19,1
20,2
21,9
22,14
23,12
24,1
25,4
26,8
27,12
28,1
29,4
30,7
31,9
32,9
33,1
34,11
35,2
36,8
37,9
38,12
39,4
40,4
41,9
42,8
43,12
44,1
45,4
46,1
47,9
48,14
49,8
50,10
51,14
52,10
53,4
54,7
55,7
56,1
57,4
58,5
59,9
60,9
61,11
62,7
63,1
64,12
65,8
66,4
67,4
68,9
69,7
70,11
71,11
72,4
73,8
74,7
75,5
76,3
77,8
78,8
79,14
80,9
81,7
82,7
83,12
84,9
85,11
86,1
87,7
88,7
89,7
90,7
91,14
92,9
93,4
94,9
95,11
96,9
97,4
98,14
99,8
100,11
101,7
102,4
103,5
104,7
105,6
106,1
107,12
108,4
109,5
110,7
111,1
112,4
113,2
114,9
115,1
116,4
117,14
118,1
119,4
120,10
121,8
122,8
123,12
124,14
125,5
126,7
127,1
128,10
129,2
130,3
131,12
132,12
133,4
134,12
135,14
136,7
137,11
138,9
139,7
140,1
141,9
142,12
143,3
144,7
145,4
146,5
147,8
148,14
149,11
150,4
151,6
152,12
153,11
154,9
155,1
156,9
157,10
158,11
159,7
160,7
161,9
162,3
163,4
164,7
165,3
166,1
167,3
168,9
169,11
170,5
171,3
172,3
173,1
174,7
175,11
176,4
177,8
178,9
179,3
180,11
181,12
182,11
183,7
184,8
185,11
186,14
187,9
188,9
189,7
190,9
191,14
192,1
193,1
194,7
195,10
196,5
197,4
198,1
199,8
200,7
201,1
202,8
203,9
204,7
205,1
206,11
207,14
208,10
209,2
210,14
211,4
212,8
213,7
214,12
215,12
216,3
217,9
218,7
219,8
220,9
221,7
222,9
223,7
224,9
225,6
226,7
227,8
228,14
229,9
230,9
231,4
232,1
233,7
234,12
235,10
236,12
237,5
238,12
239,14
240,7
241,9
242,10
243,4
244,8
245,14
246,12
247,9
248,5
249,4
250,4
251,1
252,12
253,7
254,4
255,9
256,9
257,14
258,9
259,7
260,12
261,8
262,7
263,7
264,12
265,5
266,7
267,2
268,8
269,11
270,5
271,8
272,4
273,9
274,12
275,8
276,1
277,10
278,9
279,12
280,9
281,7
282,3
283,14
284,14
285,4
286,5
287,4
288,9
289,1
290,4
291,1
292,7
293,8
294,10
295,4
296,12
297,8
298,5
299,1
300,7
301,9
302,8
303,12
304,5
305,4
306,8
307,4
308,4
309,10
310,8
311,1
312,10
313,14
314,7
315,12
316,2
317,8
318,7
319,7
320,8
321,7
322,12
323,10
324,9
325,4
326,12
327,1
328,4
329,4
330,7
331,8
332,9
333,8
334,9
335,12
336,8
337,9
338,9
339,8
340,12
341,8
342,5
343,3
344,7
345,14
346,7
347,8
348,4
349,9
350,1
351,12
352,12
353,7
354,4
355,2
356,4
357,8
358,11
359,11
360,8
361,1
362,5
363,7
364,7
365,7
366,4
367,10
368,9
369,5
370,7
371,14
372,9
373,12
374,14
375,1
376,8
377,8
378,11
379,11
380,12
381,8
382,1
383,9
384,8
385,8
386,1
387,1
388,7
389,7
390,3
391,5
392,1
393,8
394,12
395,5
396,5
397,14
398,5
399,8
400,10
401,8
402,2
403,8
404,9
405,14
406,1
407,4
408,8
409,8
410,9
411,9
412,9
413,4
414,9
415,12
416,10
417,14
418,10
419,12
420,14
421,3
422,4
423,12
424,9
425,4
426,8
427,10
428,12
429,3
430,4
431,5
432,12
433,7
434,1
435,3
436,1
437,5
438,1
439,3
440,12
441,4
442,3
443,7
444,8
445,9
446,12
447,9
448,11
449,4
450,8
451,11
452,8
453,8
454,6
455,1
456,8
457,9
458,9
459,4
460,3
461,9
462,4
463,1
464,4
465,14
466,8
467,8
468,8
469,14
470,7
471,8
472,2
473,2
474,11
475,8
476,7
477,7
478,7
479,8
480,10
481,9
482,7
483,3
484,9
485,9
486,7
487,14
488,9
489,5
490,10
491,9
492,14
493,12
494,9
495,8
496,7
497,7
498,12
499,11
500,9
501,12
502,8
503,7
504,9
505,1
506,9
507,9
508,1
509,8
510,4
511,8
512,10
513,8
514,11
515,5
516,7
517,3
518,9
519,5
520,5
521,12
522,2
523,1
524,9
525,10
526,10
527,10
528,12
529,4
530,2
531,9
532,9
533,7
534,14
535,10
536,7
537,10
538,3
539,12
540,9
541,1
542,11
543,9
544,4
545,8
546,9
547,2
548,10
549,8
550,4
551,9
552,12
553,1
554,10
555,9
556,10
557,3
558,8
559,4
560,10
561,8
562,7
563,3
564,7
565,14
566,2
567,2
568,12
569,9
570,7
571,14
572,1
573,12
574,7
575,7
576,10
577,1
578,5
579,5
580,4
581,5
582,4
583,11
584,11
585,9
586,12
587,12
588,1
589,7
590,8
591,1
592,12
593,4
594,12
595,5
596,12
597,4
598,8
599,10
600,9
601,1
602,11
603,4
604,9
605,7
606,1
607,1
608,1
609,7
610,10
611,8
612,11
613,11
614,12
615,14
616,5
617,7
618,12
619,8
620,1
621,8
622,12
623,9
624,4
625,11
626,7
627,9
628,8
629,3
630,5
631,4
632,8
633,11
634,10
635,9
636,5
637,7
638,4
639,5
640,10
641,8
642,11
643,9
644,7
645,9
646,5
647,5
648,3
649,11
650,14
651,1
652,5
653,9
654,10
655,10
656,5
657,9
658,4
659,9
660,9
661,8
662,5
663,8
664,3
665,7
666,7
667,8
668,10
669,4
670,12
671,8
672,9
673,12
674,8
675,10
676,9
677,9
678,11
679,7
680,1
681,4
682,9
683,3
684,4
685,11
686,8
687,4
688,8
689,9
690,14
691,12
692,7
693,9
694,11
695,8
696,9
697,12
698,9
699,9
700,7
701,8
702,8
703,2
704,14
705,8
706,8
707,3
708,9
709,11
710,5
711,12
712,4
713,4
714,6
715,9
716,5
717,7
718,7
719,10
720,14
721,1
722,12
723,1
724,8
725,7
726,7
727,1
728,7
729,3
730,1
731,8
732,8
733,14
734,3
735,12
736,10
737,3
738,1
739,11
740,9
741,12
742,1
743,10
744,2
745,9
746,12
747,4
748,9
749,5
750,1
751,8
752,8
753,10
754,12
755,4
756,2
757,7
758,5
759,4
760,12
761,7
762,3
763,8
764,4
765,9
766,7
767,11
768,1
769,11
770,11
771,9
772,9
773,7
774,11
775,3
776,9
777,4
778,8
779,8
780,5
781,10
782,12
783,9
784,7
785,8
786,7
787,4
788,8
789,12
790,1
791,12
792,12
793,12
794,14
795,9
796,9
797,2
798,9
799,8
800,12
801,10
802,4
803,14
804,1
805,1
806,8
807,4
808,9
809,5
810,9
811,5
812,8
813,9
814,1
815,9
816,1
817,12
818,8
819,9
820,9
821,3
822,8
823,9
824,9
825,5
826,8
827,9
828,14
829,9
830,7
831,8
832,12
833,6
834,7
835,1
836,12
837,10
838,9
839,8
840,4
841,4
842,3
843,5
844,1
845,3
846,8
847,14
848,3
849,9
850,9
851,10
852,4
853,14
854,11
855,14
856,5
857,7
858,8
859,9
860,6
861,8
862,7
863,8
864,4
865,9
866,3
867,9
868,5
869,3
870,11
871,9
872,8
873,8
874,4
875,10
876,3
877,8
878,10
879,11
880,9
881,7
882,1
883,4
884,1
885,8
886,9
887,4
888,8
889,11
890,7
891,4
892,7
893,10
894,9
895,14
896,2
897,14
898,1
899,9
900,1
901,5
902,4
903,12
904,10
905,12
906,3
907,7
908,4
909,3
910,9
911,1
912,12
913,10
914,4
915,1
916,12
917,14
918,8
919,14
920,1
921,8
922,10
923,1
924,7
925,7
926,3
927,4
928,4
929,3
930,3
931,5
932,8
933,5
934,2
935,1
936,4
937,2
938,3
939,1
940,14
941,14
942,4
943,1
944,8
945,8
946,14
947,3
948,1
949,8
950,8
951,14
952,12
953,14
954,3
955,9
956,4
957,7
958,2
959,2
960,7
961,7
962,8
963,7
964,8
965,4
966,4
967,12
968,7
969,4
970,3
971,3
972,12
973,8
974,8
975,9
976,10
977,9
978,12
979,8
980,10
981,8
982,8
983,9
984,3
985,4
986,11
987,7
988,12
989,7
990,8
991,9
992,1
993,8
994,4
995,7
996,1
997,8
998,10
999,9
1000,4
1001,8
1002,12
1003,10
1004,11
1005,14
1006,9
1007,7
1008,1
1009,3
1010,9
1011,10
1012,8
1013,7
1014,4
1015,6
1016,8
1017,8
1018,9
1019,10
1020,3
1021,9
1022,9
1023,5
1024,7
1025,8
1026,9
1027,4
1028,9
1029,14
1030,8
1031,9
1032,9
1033,10
1034,11
1035,2
1036,9
1037,5
1038,12
1039,12
1040,8
1041,10
1042,4
1043,9
1044,1
1045,8
1046,3
1047,5
1048,11
1049,1
1050,12
1051,8
1052,10
1053,5
1054,9
1055,7
1056,12
1057,14
1058,9
1059,14
1060,7
1061,7
1062,1
1063,4
1064,14
1065,4
1066,7
1067,10
1068,7
1069,12
1070,7
1071,14
1072,4
1073,1
1074,1
1075,5
1076,8
1077,12
1078,11
1079,1
1080,7
1081,8
1082,7
1083,1
1084,9
1085,10
1086,12
1087,1
1088,2
1089,4
1090,9
1091,9
1092,7
1093,9
1094,4
1095,8
1096,11
1097,7
1098,9
1099,4
1100,1
1101,5
1102,12
1103,4
1104,9
1105,7
1106,4
1107,12
1108,10
1109,4
1110,9
1111,12
1112,12
1113,9
1114,7
1115,9
1116,7
1117,9
1118,12
1119,11
1120,8
1121,6
1122,10
1123,12
1124,12
1125,1
1126,5
1127,7
1128,9
1129,3
1130,8
1131,7
1132,5
1133,8
1134,7
1135,4
1136,4
1137,1
1138,9
1139,8
1140,3
1141,11
1142,9
1143,10
1144,9
1145,7
1146,14
1147,8
1148,5
1149,9
1150,1
1151,2
1152,12
1153,4
1154,1
1155,7
1156,12
1157,7
1158,1
1159,9
1160,12
1161,7
1162,1
1163,12
1164,1
1165,12
1166,7
1167,1
1168,8
1169,11
1170,5
1171,7
1172,12
1173,2
1174,4
1175,9
1176,14
1177,9
1178,12
1179,10
1180,12
1181,7
1182,9
1183,4
1184,11
1185,14
1186,8
1187,14
1188,7
1189,4
1190,12
1191,5
1192,9
1193,4
1194,11
1195,4
1196,9
1197,12
1198,8
1199,9
1200,10
1201,9
1202,12
1203,10
1204,11
1205,9
1206,5
1207,1
1208,7
1209,9
1210,4
1211,4
1212,9
1213,11
1214,10
1215,1
1216,2
1217,1
1218,9
1219,1
1220,7
1221,3
1222,9
1223,5
1224,4
1225,12
1226,12
1227,4
1228,7
1229,14
1230,10
1231,10
1232,7
1233,5
1234,1
1235,9
1236,9
1237,12
1238,2
1239,10
1240,7
1241,3
1242,14
1243,1
1244,8
1245,1
1246,7
1247,9
1248,1
1249,8
1250,9
1251,12
1252,2
1253,10
1254,4
1255,5
1256,8
1257,9
1258,14
1259,7
1260,10
1261,1
1262,10
1263,8
1264,4
1265,9
1266,7
1267,9
1268,4
1269,12
1270,1
1271,10
1272,3
1273,3
1274,10
1275,7
1276,9
1277,12
1278,4
1279,9
1280,9
1281,7
1282,7
1283,5
1284,1
1285,14
1286,9
1287,12
1288,9
1289,9
1290,7
1291,8
1292,12
1293,8
1294,12
1295,9
1296,14
1297,4
1298,8
1299,9
1300,9
1301,3
1302,3
1303,7
1304,11
1305,9
1306,8
1307,7
1308,1
1309,4
1310,9
1311,4
1312,12
1313,8
1314,9
1315,14
1316,7
1317,7
1318,12
1319,7
1320,8
1321,4
1322,4
1323,12
1324,8
1325,9
1326,8
1327,10
1328,8
1329,7
1330,2
1331,2
1332,7
1333,4
1334,12
1335,12
1336,8
1337,7
1338,8
1339,4
1340,4
1341,7
1342,8
1343,4
1344,10
1345,3
1346,1
1347,14
1348,9
1349,3
1350,1
1351,10
1352,8
1353,3
1354,9
1355,8
1356,7
1357,8
1358,8
1359,9
1360,3
1361,4
1362,2
1363,3
1364,12
1365,9
1366,3
1367,4
1368,10
1369,7
1370,14
1371,3
1372,8
1373,14
1374,4
1375,14
1376,9
1377,9
1378,1
1379,1
1380,14
1381,9
1382,3
1383,1
1384,9
1385,8
1386,1
1387,5
1388,9
1389,12
1390,4
1391,11
1392,8
1393,3
1394,7
1395,7
1396,8
1397,10
1398,7
1399,12
1400,8
1401,7
1402,9
1403,9
1404,3
1405,9
1406,8
1407,8
1408,9
1409,3
1410,9
1411,14
1412,8
1413,8
1414,4
1415,7
1416,9
1417,4
1418,12
1419,7
1420,9
1421,1
1422,2
1423,1
1424,11
1425,14
1426,9
1427,10
1428,12
1429,1
1430,7
1431,7
1432,7
1433,11
1434,9
1435,9
1436,1
1437,12
1438,5
1439,8
1440,5
1441,10
1442,8
1443,5
1444,2
1445,7
1446,12
1447,5
1448,12
1449,8
1450,7
1451,7
1452,4
1453,8
1454,11
1455,9
1456,9
1457,2
1458,9
1459,9
1460,9
1461,4
1462,8
1463,12
1464,12
1465,8
1466,7
1467,5
1468,1
1469,3
1470,5
1471,3
1472,2
1473,7
1474,9
1475,10
1476,14
1477,10
1478,8
1479,8
1480,10
1481,8
1482,3
1483,10
1484,4
1485,10
1486,1
1487,9
1488,8
1489,4
1490,3
1491,3
1492,7
1493,7
1494,1
1495,1
1496,8
1497,9
1498,3
1499,8
1500,14
1501,10
1502,8
1503,8
1504,1
1505,8
1506,9
1507,3
1508,2
1509,3
1510,8
1511,12
1512,14
1513,14
1514,12
1515,9
1516,9
1517,8
1518,9
1519,3
1520,8
1521,1
1522,8
1523,7
1524,7
1525,14
1526,12
1527,1
1528,4
1529,2
1530,12
1531,12
1532,1
1533,9
1534,3
1535,1
1536,8
1537,1
1538,9
1539,8
1540,7
1541,1
1542,4
1543,10
1544,7
1545,7
1546,9
1547,9
1548,1
1549,7
1550,12
1551,8
1552,1
1553,9
1554,7
1555,7
1556,10
1557,10
1558,12
1559,7
1560,4
1561,6
1562,9
1563,8
1564,8
1565,8
1566,10
1567,10
1568,9
1569,8
1570,12
1571,9
1572,14
1573,8
1574,12
1575,8
1576,8
1577,11
1578,4
1579,8
1580,7
1581,8
1582,3
1583,10
1584,5
1585,8
1586,11
1587,14
1588,8
1589,7
1590,5
1591,5
1592,5
1593,7
1594,12
1595,12
1596,8
1597,8
1598,9
1599,7
1600,1
1601,9
1602,7
1603,10
1604,2
1605,5
1606,2
1607,9
1608,8
1609,11
1610,12
1611,9
1612,11
1613,4
1614,12
1615,2
1616,5
1617,10
1618,14
1619,8
1620,8
1621,12
1622,8
1623,8
1624,11
1625,1
1626,8
1627,1
1628,3
1629,9
1630,11
1631,9
1632,4
1633,7
1634,7
1635,4
1636,4
1637,8
1638,1
1639,12
1640,7
1641,4
1642,14
1643,8
1644,4
1645,11
1646,9
1647,8
1648,9
1649,7
1650,4
1651,12
1652,5
1653,1
1654,5
1655,14
1656,5
1657,7
1658,2
1659,4
1660,7
1661,8
1662,4
1663,14
1664,3
1665,4
1666,1
1667,12
1668,5
1669,9
1670,11
1671,8
1672,3
1673,1
1674,10
1675,9
1676,8
1677,11
1678,10
1679,9
1680,11
1681,9
1682,11
1683,7
1684,9
1685,3
1686,8
1687,6
1688,4
1689,7
1690,3
1691,11
1692,1
1693,7
1694,10
1695,5
1696,12
1697,7
1698,8
1699,3
1700,1
1701,8
1702,7
1703,8
1704,11
1705,10
1706,9
1707,14
1708,7
1709,1
1710,12
1711,11
1712,1
1713,10
1714,8
1715,7
1716,8
1717,7
1718,8
1719,9
1720,10
1721,7
1722,3
1723,11
1724,5
1725,5
1726,4
1727,8
1728,8
1729,10
1730,7
1731,3
1732,8
1733,8
1734,5
1735,4
1736,9
1737,2
1738,9
1739,12
1740,8
1741,7
1742,4
1743,9
1744,8
1745,10
1746,1
1747,14
1748,8
1749,12
1750,2
1751,12
1752,7
1753,7
1754,11
1755,9
1756,4
1757,2
1758,9
1759,2
1760,7
1761,12
1762,7
1763,2
1764,9
1765,7
1766,5
1767,11
1768,14
1769,4
1770,11
1771,1
1772,5
1773,8
1774,9
1775,14
1776,14
1777,14
1778,7
1779,11
1780,14
1781,9
1782,7
1783,7
1784,9
1785,7
1786,5
1787,9
1788,4
1789,11
1790,4
1791,1
1792,4
1793,9
1794,8
1795,12
1796,10
1797,8
1798,7
1799,11
1800,5
1801,4
1802,7
1803,3
1804,8
1805,3
1806,12
1807,7
1808,5
1809,12
1810,1
1811,1
1812,10
1813,9
1814,9
1815,10
1816,7
1817,1
1818,9
1819,5
1820,3
1821,7
1822,7
1823,7
1824,8
1825,4
1826,4
1827,8
1828,8
1829,8
1830,7
1831,10
1832,8
1833,10
1834,7
1835,1
1836,3
1837,12
1838,5
1839,12
1840,9
1841,1
1842,7
1843,7
1844,14
1845,11
1846,12
1847,5
1848,1
1849,3
1850,12
1851,12
1852,9
1853,8
1854,4
1855,10
1856,7
1857,1
1858,9
1859,6
1860,1
1861,2
1862,9
1863,9
1864,7
1865,9
1866,4
1867,12
1868,7
1869,12
1870,9
1871,12
1872,9
1873,5
1874,2
1875,7
1876,7
1877,4
1878,12
1879,9
1880,11
1881,9
1882,7
1883,12
1884,11
1885,9
1886,4
1887,4
1888,6
1889,10
1890,9
1891,11
1892,4
1893,5
1894,12
1895,9
1896,1
1897,11
1898,7
1899,7
1900,9
1901,8
1902,12
1903,1
1904,11
1905,14
1906,9
1907,4
1908,12
1909,8
1910,2
1911,3
1912,9
1913,8
1914,7
1915,1
1916,4
1917,8
1918,8
1919,5
1920,3
1921,9
1922,6
1923,7
1924,4
1925,9
1926,3
1927,14
1928,10
1929,9
1930,1
1931,8
1932,8
1933,7
1934,8
1935,5
1936,1
1937,5
1938,9
1939,9
1940,8
1941,14
1942,9
1943,14
1944,14
1945,8
1946,4
1947,4
1948,10
1949,14
1950,12
1951,6
1952,12
1953,4
1954,5
1955,1
1956,8
1957,1
1958,4
1959,9
1960,9
1961,4
1962,12
1963,7
1964,12
1965,1
1966,2
1967,12
1968,9
1969,3
1970,7
1971,4
1972,12
1973,10
1974,14
1975,5
1976,4
1977,7
1978,9
1979,7
1980,1
1981,5
1982,14
1983,8
1984,9
1985,11
1986,7
1987,9
1988,12
1989,9
1990,14
1991,10
1992,4
1993,10
1994,8
1995,12
1996,10
1997,14
1998,12
1999,3
2000,7
2001,8
2002,11
2003,7
2004,5
2005,12
2006,3
2007,3
2008,4
2009,8
2010,2
2011,1
2012,4
2013,2
2014,8
2015,11
2016,9
2017,10
2018,7
2019,7
2020,14
2021,11
2022,2
2023,3
2024,9
2025,8
2026,11
2027,14
2028,7
2029,5
2030,9
2031,12
2032,4
2033,9
2034,11
2035,11
2036,12
2037,7
2038,4
2039,12
2040,14
2041,11
2042,5
2043,7
2044,9
2045,14
2046,9
2047,7
2048,9
2049,12
2050,1
2051,8
2052,8
2053,10
2054,4
2055,12
2056,8
2057,1
2058,1
2059,9
2060,12
2061,12
2062,4
2063,8
2064,8
2065,1
2066,8
2067,4
2068,8
2069,9
2070,8
2071,5
2072,8
2073,3
2074,8
2075,12
2076,8
2077,5
2078,12
2079,5
2080,14
2081,12
2082,12
2083,4
2084,8
2085,3
2086,11
2087,14
2088,7
2089,2
2090,3
2091,9
2092,9
2093,5
2094,9
2095,1
2096,1
2097,9
2098,5
2099,9
2100,8
2101,8
2102,9
2103,4
2104,9
2105,12
2106,2
2107,7
2108,3
2109,8
2110,4
2111,7
2112,8
2113,4
2114,2
2115,4
2116,8
2117,10
2118,8
2119,9
2120,14
2121,12
2122,8
2123,3
2124,10
2125,4
2126,11
2127,12
2128,11
2129,14
2130,12
2131,9
2132,3
2133,8
2134,2
2135,7
2136,7
2137,4
2138,3
2139,10
2140,12
2141,7
2142,9
2143,8
2144,1
2145,8
2146,9
2147,7
2148,3
2149,4
2150,1
2151,1
2152,8
2153,3
2154,3
2155,9
2156,8
2157,4
2158,9
2159,3
2160,5
2161,4
2162,8
2163,9
2164,7
2165,14
2166,9
2167,6
2168,9
2169,5
2170,11
2171,7
2172,7
2173,14
2174,12
2175,12
2176,4
2177,9
2178,9
2179,8
2180,8
2181,8
2182,10
2183,8
2184,12
2185,3
2186,5
2187,8
2188,2
2189,5
2190,12
2191,9
2192,12
2193,9
2194,11
2195,12
2196,12
2197,8
2198,8
2199,11
2200,1
2201,9
2202,9
2203,1
2204,12
2205,11
2206,1
2207,11
2208,4
2209,11
2210,9
2211,7
2212,3
2213,3
2214,12
2215,4
2216,14
2217,11
2218,8
2219,8
2220,5
2221,5
2222,11
2223,11
2224,9
2225,7
2226,9
2227,4
2228,3
2229,10
2230,5
2231,3
2232,11
2233,14
2234,3
2235,9
2236,8
2237,8
2238,14
2239,7
2240,10
2241,1
2242,7
2243,11
2244,14
2245,2
2246,9
2247,7
2248,8
2249,8
2250,1
2251,4
2252,7
2253,9
2254,3
2255,8
2256,11
2257,1
2258,11
2259,14
2260,1
2261,12
2262,14
2263,7
2264,9
2265,9
2266,10
2267,7
2268,12
2269,4
2270,5
2271,8
2272,1
2273,14
2274,1
2275,9
2276,7
2277,3
2278,4
2279,4
2280,12
2281,11
2282,5
2283,10
2284,14
2285,7
2286,12
2287,8
2288,5
2289,11
2290,9
2291,2
2292,8
2293,10
2294,8
2295,4
2296,8
2297,9
2298,5
2299,1
2300,1
2301,14
2302,4
2303,7
2304,10
2305,7
2306,9
2307,4
2308,10
2309,9
2310,8
2311,6
2312,2
2313,11
2314,1
2315,11
2316,12
2317,5
2318,11
2319,9
2320,4
2321,3
2322,12
2323,3
2324,12
2325,11
2326,11
2327,1
2328,12
2329,7
2330,8
2331,10
2332,9
2333,8
2334,1
2335,3
2336,3
2337,9
2338,14
2339,4
2340,11
2341,1
2342,3
2343,8
2344,5
2345,4
2346,8
2347,8
2348,12
2349,4
2350,9
2351,7
2352,12
2353,8
2354,1
2355,8
2356,9
2357,12
2358,5
2359,3
2360,4
2361,1
2362,9
2363,9
2364,4
2365,10
2366,9
2367,8
2368,5
2369,7
2370,1
2371,12
2372,12
2373,9
2374,12
2375,1
2376,12
2377,1
2378,14
2379,9
2380,8
2381,9
2382,3
2383,8
2384,9
2385,4
2386,2
2387,4
2388,7
2389,12
2390,11
2391,7
2392,9
2393,7
2394,11
2395,8
2396,12
2397,8
2398,4
2399,8
2400,14
2401,8
2402,9
2403,7
2404,3
2405,14
2406,7
2407,8
2408,9
2409,4
2410,14
2411,12
2412,7
2413,7
2414,1
2415,8
2416,5
2417,10
2418,12
2419,4
2420,12
2421,8
2422,9
2423,8
2424,11
2425,2
2426,4
2427,4
2428,11
2429,12
2430,9
2431,1
2432,9
2433,4
2434,1
2435,3
2436,14
2437,14
2438,9
2439,12
2440,14
2441,7
2442,11
2443,3
2444,8
2445,7
2446,1
2447,4
2448,5
2449,12
2450,4
2451,14
2452,12
2453,9
2454,12
2455,10
2456,4
2457,9
2458,2
2459,14
2460,5
2461,12
2462,12
2463,2
2464,12
2465,14
2466,9
2467,9
2468,7
2469,1
2470,7
2471,7
2472,7
2473,4
2474,7
2475,8
2476,1
2477,9
2478,8
2479,11
2480,8
2481,9
2482,8
2483,5
2484,4
2485,4
2486,12
2487,10
2488,14
2489,14
2490,1
2491,9
2492,1
2493,8
2494,9
2495,9
2496,10
2497,1
2498,7
2499,9
2500,8
2501,2
2502,7
2503,5
2504,5
2505,9
2506,12
2507,9
2508,10
2509,4
2510,12
2511,11
2512,14
2513,7
2514,14
2515,7
2516,8
2517,10
2518,9
2519,12
2520,9
2521,3
2522,12
2523,9
2524,8
2525,9
2526,9
2527,9
2528,8
2529,1
2530,4
2531,1
2532,8
2533,5
2534,11
2535,5
2536,9
2537,14
2538,8
2539,7
2540,9
2541,12
2542,12
2543,10
2544,1
2545,8
2546,12
2547,5
2548,14
2549,12
2550,12
2551,12
2552,14
2553,11
2554,8
2555,11
2556,11
2557,9
2558,3
2559,8
2560,8
2561,4
2562,11
2563,1
2564,1
2565,4
2566,8
2567,11
2568,3
2569,12
2570,7
2571,9
2572,5
2573,8
2574,9
2575,4
2576,11
2577,3
2578,4
2579,11
2580,8
2581,5
2582,14
2583,12
2584,12
2585,14
2586,11
2587,5
2588,4
2589,4
2590,2
2591,11
2592,9
2593,10
2594,8
2595,4
2596,11
2597,11
2598,7
2599,7
2600,3
2601,7
2602,1
2603,9
2604,12
2605,1
2606,9
2607,8
2608,7
2609,3
2610,4
2611,8
2612,8
2613,7
2614,8
2615,7
2616,9
2617,4
2618,8
2619,8
2620,9
2621,4
2622,11
2623,8
2624,8
2625,3
2626,14
2627,5
2628,8
2629,9
2630,1
2631,7
2632,7
2633,4
2634,9
2635,9
2636,4
2637,7
2638,10
2639,9
2640,9
2641,12
2642,4
2643,12
2644,4
2645,9
2646,4
2647,8
2648,12
2649,8
2650,4
2651,8
2652,12
2653,4
2654,7
2655,12
2656,9
2657,9
2658,1
2659,1
2660,4
2661,1
2662,7
2663,10
2664,14
2665,8
2666,12
2667,11
2668,2
2669,9
2670,12
2671,8
2672,14
2673,3
2674,12
2675,1
2676,8
2677,7
2678,8
2679,9
2680,1
2681,4
2682,7
2683,11
2684,10
2685,1
2686,1
2687,8
2688,12
2689,3
2690,7
2691,8
2692,8
2693,9
2694,5
2695,8
2696,1
2697,9
2698,9
2699,9
2700,10
2701,12
2702,11
2703,4
2704,12
2705,14
2706,5
2707,3
2708,8
2709,8
2710,12
2711,12
2712,9
2713,9
2714,9
2715,4
2716,2
2717,9
2718,8
2719,5
2720,4
2721,1
2722,9
2723,14
2724,3
2725,9
2726,9
2727,9
2728,9
2729,1
2730,4
2731,9
2732,9
2733,1
2734,14
2735,14
2736,7
2737,5
2738,8
2739,14
2740,10
2741,14
2742,9
2743,14
2744,11
2745,12
2746,5
2747,8
2748,4
2749,10
2750,4
2751,8
2752,14
2753,9
2754,4
2755,4
2756,12
2757,9
2758,9
2759,12
2760,1
2761,8
2762,7
2763,14
2764,8
2765,14
2766,1
2767,7
2768,10
2769,7
2770,1
2771,3
2772,8
2773,4
2774,7
2775,1
2776,12
2777,2
2778,14
2779,8
2780,9
2781,10
2782,9
2783,9
2784,4
2785,11
2786,9
2787,7
2788,10
2789,2
2790,9
2791,12
2792,9
2793,9
2794,11
2795,12
2796,9
2797,1
2798,8
2799,7
2800,8
2801,10
2802,1
2803,1
2804,9
2805,8
2806,4
2807,4
2808,10
2809,5
2810,1
2811,5
2812,7
2813,1
2814,3
2815,14
2816,14
2817,1
2818,1
2819,9
2820,10
2821,10
2822,3
2823,1
2824,9
2825,9
2826,1
2827,11
2828,8
2829,8
2830,1
2831,7
2832,8
2833,4
2834,14
2835,7
2836,11
2837,4
2838,9
2839,8
2840,3
2841,8
2842,7
2843,11
2844,9
2845,12
2846,8
2847,9
2848,9
2849,9
2850,1
2851,11
2852,4
2853,8
2854,1
2855,8
2856,3
2857,8
2858,9
2859,9
2860,1
2861,7
2862,8
2863,10
2864,8
2865,7
2866,11
2867,3
2868,5
2869,8
2870,14
2871,1
2872,14
2873,4
2874,11
2875,7
2876,9
2877,8
2878,5
2879,4
2880,7
2881,9
2882,4
2883,8
2884,12
2885,9
2886,8
2887,4
2888,9
2889,9
2890,14
2891,1
2892,1
2893,5
2894,10
2895,8
2896,4
2897,9
2898,1
2899,9
2900,10
2901,3
2902,12
2903,1
2904,7
2905,9
2906,1
2907,2
2908,4
2909,7
2910,1
2911,12
2912,8
2913,12
2914,3
2915,12
2916,7
2917,8
2918,14
2919,12
2920,14
2921,8
2922,9
2923,3
2924,14
2925,8
2926,10
2927,8
2928,1
2929,9
2930,10
2931,4
2932,4
2933,9
2934,9
2935,9
2936,7
2937,8
2938,9
2939,11
2940,5
2941,11
2942,8
2943,1
2944,5
2945,9
2946,4
2947,4
2948,4
2949,3
2950,14
2951,9
2952,11
2953,1
2954,11
2955,12
2956,14
2957,10
2958,7
2959,1
2960,4
2961,14
2962,14
2963,9
2964,9
2965,2
2966,9
2967,4
2968,8
2969,6
2970,7
2971,4
2972,8
2973,10
2974,4
2975,7
2976,8
2977,14
2978,14
2979,8
2980,9
2981,4
2982,4
2983,8
2984,14
2985,10
2986,3
2987,9
2988,7
2989,7
2990,12
2991,9
2992,4
2993,8
2994,7
2995,4
2996,1
2997,4
2998,8
2999,11
3000,8
3001,9
3002,4
3003,2
3004,11
3005,8
3006,7
3007,1
3008,9
3009,12
3010,14
3011,4
3012,7
3013,4
3014,2
3015,4
3016,9
3017,14
3018,9
3019,9
3020,10
3021,7
3022,9
3023,9
3024,7
3025,10
3026,8
3027,5
3028,9
3029,4
3030,7
3031,12
3032,11
3033,9
3034,4
3035,5
3036,4
3037,9
3038,8
3039,4
3040,9
3041,12
3042,14
3043,9
3044,7
3045,5
3046,9
3047,8
3048,8
3049,14
3050,8
3051,3
3052,4
3053,10
3054,4
3055,9
3056,9
3057,11
3058,9
3059,8
3060,14
3061,11
3062,8
3063,7
3064,9
3065,9
3066,7
3067,12
3068,1
3069,8
3070,7
3071,5
3072,8
3073,11
3074,10
3075,11
3076,1
3077,5
3078,10
3079,8
3080,10
3081,7
3082,12
3083,1
3084,3
3085,5
3086,7
3087,12
3088,9
3089,10
3090,8
3091,7
3092,3
3093,10
3094,3
3095,5
3096,3
3097,9
3098,1
3099,5
3100,4
3101,4
3102,8
3103,12
3104,8
3105,5
3106,1
3107,1
3108,11
3109,4
3110,7
3111,12
3112,12
3113,8
3114,3
3115,9
3116,7
3117,12
3118,4
3119,1
3120,11
3121,9
3122,12
3123,11
3124,11
3125,4
3126,5
3127,10
3128,3
3129,1
3130,7
3131,3
3132,8
3133,3
3134,12
3135,14
3136,4
3137,14
3138,10
3139,5
3140,8
3141,4
3142,3
3143,8
3144,14
3145,7
3146,5
3147,9
3148,8
3149,7
3150,4
3151,7
3152,7
3153,11
3154,4
3155,9
3156,14
3157,3
3158,1
3159,9
3160,14
3161,7
3162,4
3163,4
3164,10
3165,11
3166,1
3167,14
3168,8
3169,8
3170,8
3171,4
3172,14
3173,14
3174,5
3175,8
3176,1
3177,9
3178,11
3179,3
3180,14
3181,4
3182,8
3183,10
3184,7
3185,9
3186,8
3187,7
3188,9
3189,7
3190,9
3191,5
3192,12
3193,9
3194,9
3195,12
3196,14
3197,11
3198,9
3199,3
3200,8
3201,9
3202,9
3203,14
3204,10
3205,7
3206,8
3207,14
3208,11
3209,12
3210,9
3211,7
3212,7
3213,2
3214,9
3215,8
3216,1
3217,10
3218,8
3219,11
3220,12
3221,8
3222,9
3223,9
3224,8
3225,7
3226,4
3227,9
3228,9
3229,9
3230,9
3231,7
3232,8
3233,14
3234,8
3235,9
3236,8
3237,12
3238,1
3239,11
3240,10
3241,3
3242,9
3243,6
3244,12
3245,2
3246,1
3247,10
3248,12
3249,8
3250,8
3251,12
3252,1
3253,7
3254,5
3255,7
3256,8
3257,14
3258,9
3259,8
3260,8
3261,4
3262,7
3263,3
3264,7
3265,8
3266,12
3267,8
3268,14
3269,1
3270,5
3271,1
3272,3
3273,8
3274,12
3275,9
3276,8
3277,11
3278,7
3279,8
3280,9
3281,12
3282,4
3283,11
3284,4
3285,8
3286,4
3287,1
3288,4
3289,6
3290,14
3291,4
3292,1
3293,5
3294,4
3295,8
3296,8
3297,5
3298,9
3299,7
3300,10
3301,12
3302,10
3303,1
3304,4
3305,12
3306,4
3307,10
3308,7
3309,1
3310,7
3311,5
3312,8
3313,8
3314,9
3315,9
3316,7
3317,11
3318,14
3319,7
3320,4
3321,8
3322,8
3323,4
3324,14
3325,14
3326,2
3327,8
3328,1
3329,7
3330,14
3331,14
3332,7
3333,3
3334,12
3335,9
3336,11
3337,10
3338,9
3339,12
3340,1
3341,9
3342,4
3343,12
3344,8
3345,7
3346,9
3347,11
3348,12
3349,14
3350,11
3351,8
3352,11
3353,9
3354,11
3355,8
3356,2
3357,8
3358,9
3359,4
3360,9
3361,8
3362,1
3363,3
3364,14
3365,7
3366,10
3367,7
3368,1
3369,5
3370,7
3371,12
3372,10
3373,14
3374,11
3375,1
3376,10
3377,2
3378,4
3379,8
3380,4
3381,8
3382,4
3383,7
3384,14
3385,12
3386,9
3387,10
3388,9
3389,9
3390,7
3391,8
3392,7
3393,2
3394,4
3395,8
3396,1
3397,5
3398,12
3399,8
3400,8
3401,9
3402,5
3403,9
3404,7
3405,8
3406,4
3407,14
3408,9
3409,3
3410,5
3411,1
3412,7
3413,12
3414,7
3415,14
3416,5
3417,3
3418,7
3419,3
3420,11
3421,4
3422,1
3423,8
3424,8
3425,14
3426,8
3427,7
3428,7
3429,8
3430,9
3431,9
3432,1
3433,9
3434,7
3435,1
3436,5
3437,4
3438,12
3439,8
3440,8
3441,9
3442,7
3443,14
3444,2
3445,3
3446,7
3447,4
3448,7
3449,9
3450,9
3451,5
3452,4
3453,3
3454,3
3455,1
3456,12
3457,9
3458,8
3459,10
3460,11
3461,9
3462,11
3463,8
3464,12
3465,11
3466,7
3467,9
3468,9
3469,9
3470,5
3471,8
3472,8
3473,11
3474,8
3475,14
3476,2
3477,4
3478,10
3479,9
3480,11
3481,12
3482,11
3483,12
3484,4
3485,8
3486,8
3487,5
3488,14
3489,9
3490,11
3491,12
3492,1
3493,1
3494,9
3495,8
3496,12
3497,4
3498,3
3499,1
3500,8
