Id,Prediction
1,5
2,4
3,9
4,5
5,10
6,9
7,6
8,5
9,14
10,3
11,10
12,1
13,9
14,14
15,9
16,10
17,7
18,4
19,1
20,2
21,9
22,14
23,7
24,1
25,4
26,9
27,4
28,1
29,4
30,9
31,9
32,9
33,1
34,1
35,4
36,8
37,9
38,12
39,4
40,11
41,9
42,3
43,12
44,1
45,4
46,12
47,9
48,14
49,7
50,3
51,5
52,10
53,3
54,9
55,7
56,1
57,4
58,5
59,9
60,9
61,3
62,7
63,1
64,4
65,9
66,4
67,4
68,6
69,7
70,3
71,3
72,8
73,8
74,9
75,5
76,3
77,8
78,8
79,14
80,9
81,6
82,9
83,9
84,4
85,3
86,1
87,9
88,7
89,9
90,7
91,14
92,9
93,8
94,4
95,3
96,8
97,4
98,14
99,10
100,3
101,14
102,4
103,6
104,7
105,6
106,1
107,8
108,4
109,5
110,5
111,1
112,8
113,12
114,9
115,1
116,9
117,14
118,1
119,4
120,9
121,8
122,8
123,12
124,9
125,4
126,7
127,1
128,10
129,2
130,3
131,12
132,9
133,4
134,7
135,9
136,9
137,3
138,9
139,5
140,1
141,9
142,12
143,3
144,6
145,4
146,9
147,9
148,9
149,11
150,4
151,7
152,12
153,3
154,9
155,12
156,9
157,10
158,3
159,7
160,9
161,9
162,10
163,4
164,10
165,4
166,1
167,3
168,9
169,3
170,5
171,5
172,2
173,1
174,14
175,11
176,8
177,8
178,9
179,3
180,1
181,4
182,3
183,7
184,9
185,3
186,14
187,9
188,9
189,7
190,9
191,14
192,1
193,1
194,7
195,10
196,5
197,4
198,4
199,8
200,9
201,1
202,10
203,9
204,9
205,1
206,3
207,9
208,10
209,2
210,7
211,4
212,8
213,7
214,12
215,12
216,3
217,9
218,7
219,8
220,9
221,5
222,9
223,7
224,9
225,6
226,9
227,8
228,7
229,9
230,9
231,4
232,1
233,7
234,12
235,10
236,4
237,4
238,12
239,9
240,9
241,9
242,10
243,4
244,8
245,9
246,12
247,9
248,4
249,4
250,4
251,12
252,9
253,7
254,4
255,9
256,4
257,14
258,9
259,9
260,12
261,10
262,14
263,7
264,12
265,9
266,14
267,2
268,8
269,4
270,4
271,8
272,2
273,9
274,12
275,10
276,1
277,10
278,6
279,7
280,4
281,7
282,11
283,14
284,14
285,4
286,5
287,4
288,9
289,1
290,4
291,1
292,14
293,8
294,8
295,9
296,12
297,5
298,4
299,1
300,7
301,9
302,9
303,10
304,3
305,4
306,8
307,4
308,11
309,10
310,9
311,4
312,10
313,14
314,9
315,12
316,11
317,3
318,5
319,7
320,8
321,5
322,9
323,10
324,9
325,4
326,12
327,1
328,4
329,4
330,7
331,8
332,9
333,10
334,9
335,10
336,8
337,4
338,9
339,8
340,12
341,8
342,7
343,3
344,7
345,9
346,9
347,8
348,9
349,9
350,1
351,7
352,12
353,7
354,6
355,2
356,4
357,5
358,11
359,5
360,8
361,1
362,4
363,9
364,7
365,7
366,4
367,10
368,3
369,7
370,7
371,14
372,9
373,4
374,9
375,1
376,8
377,8
378,3
379,1
380,12
381,8
382,1
383,9
384,9
385,4
386,1
387,1
388,5
389,7
390,3
391,5
392,1
393,8
394,4
395,7
396,7
397,14
398,8
399,5
400,9
401,7
402,4
403,8
404,9
405,14
406,1
407,4
408,10
409,8
410,4
411,9
412,9
413,4
414,9
415,4
416,10
417,9
418,10
419,12
420,14
421,3
422,4
423,12
424,9
425,4
426,9
427,10
428,10
429,11
430,4
431,5
432,4
433,14
434,1
435,3
436,12
437,7
438,1
439,3
440,11
441,4
442,3
443,7
444,8
445,9
446,8
447,9
448,3
449,9
450,8
451,1
452,5
453,8
454,6
455,1
456,8
457,9
458,9
459,3
460,3
461,4
462,4
463,1
464,9
465,5
466,8
467,8
468,5
469,14
470,7
471,8
472,2
473,2
474,3
475,8
476,7
477,7
478,9
479,8
480,10
481,4
482,7
483,3
484,4
485,9
486,7
487,5
488,9
489,5
490,9
491,7
492,14
493,4
494,9
495,3
496,7
497,14
498,11
499,9
500,4
501,12
502,8
503,14
504,3
505,1
506,9
507,9
508,1
509,10
510,9
511,5
512,10
513,8
514,3
515,4
516,10
517,11
518,9
519,7
520,7
521,11
522,9
523,1
524,9
525,10
526,10
527,10
528,9
529,9
530,2
531,9
532,9
533,7
534,7
535,9
536,6
537,10
538,3
539,8
540,4
541,1
542,3
543,9
544,4
545,9
546,9
547,2
548,10
549,9
550,4
551,9
552,4
553,12
554,10
555,9
556,10
557,3
558,8
559,4
560,10
561,8
562,7
563,3
564,7
565,7
566,2
567,2
568,12
569,9
570,7
571,7
572,2
573,12
574,7
575,9
576,8
577,1
578,9
579,5
580,8
581,6
582,4
583,3
584,2
585,9
586,12
587,12
588,12
589,9
590,8
591,1
592,12
593,4
594,12
595,10
596,12
597,11
598,5
599,10
600,9
601,1
602,11
603,4
604,9
605,7
606,12
607,1
608,1
609,7
610,10
611,8
612,3
613,3
614,4
615,7
616,5
617,5
618,12
619,8
620,1
621,8
622,9
623,9
624,4
625,3
626,5
627,9
628,10
629,3
630,7
631,4
632,8
633,3
634,10
635,7
636,7
637,7
638,4
639,5
640,10
641,9
642,3
643,9
644,14
645,9
646,5
647,5
648,3
649,3
650,9
651,12
652,7
653,9
654,9
655,10
656,4
657,8
658,4
659,9
660,9
661,8
662,5
663,8
664,3
665,7
666,7
667,8
668,10
669,4
670,12
671,8
672,9
673,12
674,5
675,10
676,9
677,9
678,3
679,9
680,1
681,4
682,9
683,3
684,8
685,3
686,8
687,4
688,9
689,9
690,14
691,12
692,7
693,9
694,8
695,8
696,9
697,4
698,9
699,9
700,7
701,9
702,8
703,12
704,14
705,8
706,8
707,3
708,9
709,1
710,5
711,12
712,9
713,4
714,6
715,9
716,5
717,14
718,9
719,10
720,14
721,1
722,12
723,4
724,8
725,9
726,7
727,1
728,5
729,11
730,1
731,8
732,8
733,9
734,3
735,8
736,10
737,11
738,1
739,3
740,4
741,11
742,12
743,10
744,2
745,9
746,4
747,4
748,9
749,4
750,1
751,7
752,8
753,10
754,8
755,4
756,2
757,7
758,5
759,4
760,9
761,7
762,3
763,8
764,4
765,9
766,9
767,10
768,12
769,11
770,3
771,9
772,4
773,7
774,3
775,3
776,9
777,4
778,8
779,8
780,5
781,10
782,12
783,9
784,7
785,8
786,7
787,4
788,9
789,9
790,1
791,10
792,4
793,12
794,14
795,9
796,9
797,12
798,9
799,8
800,4
801,10
802,4
803,14
804,1
805,1
806,8
807,4
808,9
809,5
810,4
811,5
812,8
813,4
814,1
815,9
816,1
817,12
818,8
819,9
820,9
821,10
822,12
823,9
824,9
825,6
826,9
827,6
828,14
829,4
830,7
831,8
832,10
833,9
834,7
835,12
836,4
837,10
838,9
839,8
840,4
841,4
842,3
843,9
844,1
845,3
846,8
847,9
848,3
849,3
850,9
851,10
852,4
853,14
854,3
855,10
856,4
857,6
858,8
859,9
860,6
861,9
862,7
863,8
864,8
865,8
866,10
867,9
868,7
869,3
870,3
871,9
872,8
873,9
874,4
875,10
876,3
877,12
878,10
879,3
880,4
881,7
882,1
883,4
884,1
885,8
886,4
887,4
888,10
889,3
890,7
891,4
892,9
893,10
894,9
895,14
896,12
897,9
898,1
899,9
900,1
901,5
902,4
903,12
904,10
905,12
906,5
907,7
908,4
909,3
910,9
911,1
912,12
913,10
914,4
915,1
916,12
917,14
918,8
919,14
920,1
921,9
922,10
923,1
924,9
925,14
926,3
927,9
928,3
929,11
930,3
931,7
932,8
933,9
934,4
935,1
936,4
937,3
938,3
939,1
940,5
941,14
942,4
943,1
944,8
945,8
946,14
947,3
948,1
949,9
950,9
951,14
952,4
953,14
954,5
955,4
956,4
957,7
958,11
959,2
960,7
961,9
962,9
963,9
964,9
965,4
966,4
967,9
968,7
969,4
970,4
971,3
972,12
973,8
974,8
975,9
976,10
977,9
978,8
979,12
980,10
981,9
982,10
983,9
984,3
985,4
986,3
987,9
988,12
989,7
990,9
991,4
992,1
993,8
994,4
995,9
996,1
997,10
998,10
999,7
1000,4
1001,8
1002,9
1003,10
1004,3
1005,14
1006,9
1007,7
1008,1
1009,3
1010,9
1011,10
1012,9
1013,9
1014,4
1015,6
1016,8
1017,8
1018,9
1019,10
1020,3
1021,9
1022,4
1023,7
1024,7
1025,9
1026,9
1027,4
1028,9
1029,14
1030,14
1031,9
1032,9
1033,9
1034,1
1035,2
1036,8
1037,8
1038,12
1039,4
1040,8
1041,9
1042,4
1043,4
1044,1
1045,5
1046,5
1047,6
1048,3
1049,1
1050,4
1051,8
1052,10
1053,4
1054,4
1055,7
1056,12
1057,14
1058,9
1059,14
1060,7
1061,7
1062,1
1063,4
1064,14
1065,4
1066,7
1067,10
1068,14
1069,12
1070,9
1071,9
1072,9
1073,1
1074,1
1075,5
1076,8
1077,12
1078,1
1079,1
1080,7
1081,8
1082,14
1083,1
1084,4
1085,10
1086,10
1087,1
1088,12
1089,11
1090,9
1091,9
1092,7
1093,9
1094,9
1095,8
1096,1
1097,7
1098,9
1099,4
1100,1
1101,7
1102,12
1103,3
1104,6
1105,7
1106,4
1107,9
1108,10
1109,4
1110,9
1111,12
1112,12
1113,8
1114,7
1115,9
1116,7
1117,9
1118,4
1119,3
1120,8
1121,6
1122,10
1123,4
1124,9
1125,1
1126,5
1127,9
1128,9
1129,9
1130,5
1131,14
1132,8
1133,8
1134,6
1135,4
1136,4
1137,12
1138,9
1139,8
1140,3
1141,3
1142,9
1143,10
1144,9
1145,7
1146,9
1147,9
1148,5
1149,4
1150,12
1151,12
1152,4
1153,4
1154,1
1155,5
1156,4
1157,10
1158,12
1159,9
1160,3
1161,9
1162,1
1163,12
1164,1
1165,12
1166,7
1167,12
1168,9
1169,3
1170,6
1171,7
1172,8
1173,2
1174,9
1175,9
1176,14
1177,9
1178,12
1179,10
1180,9
1181,7
1182,9
1183,4
1184,3
1185,14
1186,8
1187,14
1188,7
1189,4
1190,4
1191,5
1192,9
1193,4
1194,3
1195,4
1196,4
1197,12
1198,8
1199,4
1200,10
1201,9
1202,8
1203,10
1204,3
1205,9
1206,5
1207,1
1208,7
1209,9
1210,4
1211,8
1212,9
1213,3
1214,10
1215,1
1216,4
1217,1
1218,9
1219,1
1220,7
1221,3
1222,9
1223,5
1224,4
1225,12
1226,12
1227,9
1228,9
1229,14
1230,9
1231,10
1232,7
1233,8
1234,1
1235,9
1236,9
1237,10
1238,3
1239,10
1240,5
1241,2
1242,9
1243,12
1244,8
1245,1
1246,9
1247,9
1248,12
1249,8
1250,9
1251,7
1252,12
1253,10
1254,4
1255,9
1256,8
1257,4
1258,14
1259,14
1260,10
1261,1
1262,10
1263,8
1264,4
1265,9
1266,7
1267,9
1268,4
1269,12
1270,12
1271,10
1272,9
1273,3
1274,10
1275,9
1276,9
1277,12
1278,9
1279,9
1280,9
1281,9
1282,9
1283,5
1284,1
1285,9
1286,9
1287,4
1288,4
1289,9
1290,9
1291,10
1292,12
1293,9
1294,12
1295,4
1296,14
1297,4
1298,9
1299,9
1300,4
1301,4
1302,3
1303,7
1304,3
1305,9
1306,10
1307,7
1308,1
1309,5
1310,6
1311,4
1312,4
1313,5
1314,9
1315,14
1316,9
1317,5
1318,4
1319,7
1320,8
1321,4
1322,4
1323,12
1324,4
1325,11
1326,5
1327,10
1328,9
1329,7
1330,3
1331,2
1332,7
1333,4
1334,12
1335,12
1336,8
1337,7
1338,8
1339,9
1340,4
1341,7
1342,8
1343,4
1344,9
1345,3
1346,1
1347,9
1348,9
1349,3
1350,12
1351,10
1352,8
1353,11
1354,6
1355,9
1356,7
1357,8
1358,8
1359,9
1360,3
1361,8
1362,4
1363,3
1364,4
1365,9
1366,3
1367,4
1368,10
1369,9
1370,14
1371,3
1372,9
1373,14
1374,4
1375,14
1376,4
1377,9
1378,1
1379,1
1380,14
1381,9
1382,3
1383,1
1384,9
1385,8
1386,1
1387,5
1388,9
1389,4
1390,4
1391,3
1392,9
1393,3
1394,9
1395,9
1396,8
1397,10
1398,5
1399,9
1400,8
1401,7
1402,9
1403,9
1404,3
1405,9
1406,8
1407,8
1408,6
1409,3
1410,9
1411,14
1412,9
1413,9
1414,4
1415,7
1416,9
1417,4
1418,4
1419,7
1420,9
1421,1
1422,9
1423,1
1424,1
1425,14
1426,9
1427,10
1428,12
1429,1
1430,7
1431,7
1432,7
1433,3
1434,9
1435,9
1436,12
1437,10
1438,8
1439,7
1440,5
1441,10
1442,8
1443,7
1444,12
1445,7
1446,4
1447,5
1448,8
1449,9
1450,7
1451,7
1452,4
1453,8
1454,3
1455,9
1456,4
1457,2
1458,9
1459,9
1460,9
1461,4
1462,8
1463,12
1464,8
1465,10
1466,14
1467,5
1468,1
1469,10
1470,3
1471,3
1472,3
1473,7
1474,9
1475,10
1476,9
1477,10
1478,5
1479,8
1480,9
1481,8
1482,3
1483,10
1484,4
1485,10
1486,12
1487,9
1488,8
1489,4
1490,3
1491,3
1492,14
1493,7
1494,1
1495,1
1496,9
1497,9
1498,4
1499,8
1500,14
1501,10
1502,9
1503,12
1504,1
1505,8
1506,6
1507,3
1508,2
1509,3
1510,9
1511,12
1512,14
1513,14
1514,8
1515,4
1516,9
1517,9
1518,9
1519,3
1520,9
1521,1
1522,10
1523,7
1524,7
1525,14
1526,12
1527,1
1528,4
1529,2
1530,8
1531,4
1532,1
1533,9
1534,3
1535,1
1536,9
1537,12
1538,9
1539,10
1540,7
1541,1
1542,4
1543,10
1544,9
1545,5
1546,9
1547,9
1548,1
1549,7
1550,8
1551,9
1552,1
1553,9
1554,7
1555,7
1556,10
1557,10
1558,12
1559,7
1560,4
1561,7
1562,9
1563,8
1564,8
1565,5
1566,9
1567,10
1568,9
1569,9
1570,4
1571,9
1572,14
1573,9
1574,4
1575,8
1576,8
1577,1
1578,4
1579,8
1580,14
1581,8
1582,2
1583,10
1584,5
1585,9
1586,5
1587,14
1588,8
1589,7
1590,5
1591,5
1592,9
1593,9
1594,12
1595,12
1596,10
1597,8
1598,9
1599,5
1600,1
1601,9
1602,7
1603,10
1604,9
1605,7
1606,2
1607,4
1608,8
1609,3
1610,12
1611,9
1612,9
1613,4
1614,12
1615,12
1616,9
1617,10
1618,9
1619,8
1620,8
1621,12
1622,9
1623,4
1624,3
1625,1
1626,9
1627,1
1628,3
1629,6
1630,1
1631,9
1632,9
1633,7
1634,9
1635,4
1636,9
1637,9
1638,1
1639,4
1640,8
1641,4
1642,5
1643,8
1644,4
1645,3
1646,9
1647,8
1648,9
1649,9
1650,4
1651,4
1652,5
1653,1
1654,5
1655,14
1656,4
1657,7
1658,4
1659,4
1660,9
1661,10
1662,4
1663,14
1664,3
1665,8
1666,1
1667,9
1668,5
1669,9
1670,3
1671,8
1672,2
1673,1
1674,10
1675,4
1676,8
1677,3
1678,10
1679,9
1680,3
1681,9
1682,3
1683,9
1684,9
1685,3
1686,8
1687,6
1688,4
1689,5
1690,3
1691,10
1692,1
1693,9
1694,10
1695,5
1696,10
1697,9
1698,8
1699,3
1700,1
1701,8
1702,7
1703,10
1704,9
1705,10
1706,9
1707,14
1708,7
1709,1
1710,4
1711,3
1712,1
1713,10
1714,8
1715,7
1716,8
1717,6
1718,8
1719,9
1720,10
1721,7
1722,3
1723,3
1724,9
1725,7
1726,4
1727,9
1728,4
1729,10
1730,7
1731,3
1732,8
1733,9
1734,9
1735,4
1736,9
1737,4
1738,9
1739,9
1740,14
1741,9
1742,9
1743,4
1744,10
1745,10
1746,1
1747,9
1748,10
1749,4
1750,2
1751,7
1752,7
1753,7
1754,3
1755,9
1756,4
1757,2
1758,9
1759,4
1760,7
1761,12
1762,14
1763,2
1764,9
1765,5
1766,5
1767,3
1768,14
1769,4
1770,3
1771,1
1772,9
1773,8
1774,4
1775,7
1776,14
1777,14
1778,9
1779,3
1780,14
1781,9
1782,7
1783,9
1784,9
1785,7
1786,5
1787,9
1788,4
1789,3
1790,4
1791,1
1792,4
1793,9
1794,5
1795,10
1796,10
1797,8
1798,7
1799,3
1800,5
1801,9
1802,7
1803,5
1804,4
1805,3
1806,12
1807,7
1808,5
1809,12
1810,1
1811,1
1812,10
1813,9
1814,6
1815,10
1816,7
1817,1
1818,9
1819,7
1820,3
1821,7
1822,7
1823,14
1824,8
1825,4
1826,9
1827,10
1828,8
1829,8
1830,7
1831,10
1832,9
1833,10
1834,7
1835,12
1836,2
1837,12
1838,8
1839,4
1840,4
1841,1
1842,7
1843,7
1844,14
1845,3
1846,9
1847,5
1848,12
1849,3
1850,12
1851,12
1852,9
1853,8
1854,9
1855,10
1856,7
1857,1
1858,9
1859,6
1860,1
1861,2
1862,9
1863,6
1864,9
1865,9
1866,8
1867,4
1868,5
1869,12
1870,9
1871,4
1872,9
1873,5
1874,3
1875,7
1876,9
1877,8
1878,11
1879,9
1880,1
1881,9
1882,7
1883,12
1884,3
1885,9
1886,4
1887,8
1888,9
1889,10
1890,7
1891,3
1892,4
1893,5
1894,12
1895,9
1896,1
1897,3
1898,7
1899,7
1900,9
1901,8
1902,12
1903,1
1904,3
1905,14
1906,9
1907,11
1908,12
1909,5
1910,2
1911,3
1912,6
1913,8
1914,10
1915,1
1916,9
1917,8
1918,8
1919,3
1920,3
1921,9
1922,4
1923,9
1924,3
1925,9
1926,2
1927,9
1928,10
1929,9
1930,1
1931,8
1932,8
1933,7
1934,8
1935,5
1936,1
1937,4
1938,9
1939,6
1940,9
1941,5
1942,9
1943,9
1944,9
1945,8
1946,4
1947,9
1948,10
1949,9
1950,4
1951,6
1952,12
1953,9
1954,5
1955,1
1956,8
1957,1
1958,4
1959,9
1960,9
1961,4
1962,12
1963,7
1964,12
1965,1
1966,12
1967,9
1968,9
1969,3
1970,7
1971,4
1972,4
1973,10
1974,9
1975,4
1976,4
1977,9
1978,6
1979,7
1980,1
1981,5
1982,14
1983,9
1984,9
1985,10
1986,7
1987,9
1988,9
1989,4
1990,7
1991,8
1992,4
1993,10
1994,9
1995,4
1996,10
1997,9
1998,12
1999,3
2000,7
2001,14
2002,9
2003,7
2004,3
2005,10
2006,3
2007,2
2008,4
2009,8
2010,3
2011,1
2012,9
2013,9
2014,9
2015,11
2016,7
2017,10
2018,9
2019,7
2020,14
2021,3
2022,2
2023,3
2024,9
2025,9
2026,3
2027,14
2028,9
2029,3
2030,9
2031,12
2032,4
2033,9
2034,3
2035,3
2036,7
2037,9
2038,4
2039,4
2040,9
2041,2
2042,4
2043,7
2044,9
2045,10
2046,9
2047,7
2048,4
2049,9
2050,1
2051,8
2052,9
2053,10
2054,4
2055,12
2056,5
2057,12
2058,1
2059,4
2060,4
2061,4
2062,4
2063,8
2064,8
2065,1
2066,8
2067,3
2068,8
2069,9
2070,8
2071,5
2072,8
2073,3
2074,8
2075,10
2076,8
2077,5
2078,12
2079,5
2080,9
2081,12
2082,12
2083,4
2084,8
2085,3
2086,3
2087,14
2088,7
2089,9
2090,3
2091,9
2092,9
2093,5
2094,9
2095,1
2096,1
2097,9
2098,5
2099,9
2100,8
2101,8
2102,9
2103,4
2104,9
2105,12
2106,12
2107,5
2108,11
2109,8
2110,4
2111,14
2112,8
2113,4
2114,3
2115,4
2116,8
2117,10
2118,9
2119,9
2120,14
2121,12
2122,8
2123,3
2124,10
2125,11
2126,1
2127,8
2128,3
2129,9
2130,9
2131,9
2132,2
2133,8
2134,2
2135,7
2136,7
2137,9
2138,3
2139,10
2140,12
2141,9
2142,8
2143,5
2144,1
2145,8
2146,9
2147,7
2148,3
2149,11
2150,1
2151,1
2152,8
2153,3
2154,3
2155,9
2156,8
2157,4
2158,4
2159,3
2160,5
2161,4
2162,8
2163,9
2164,9
2165,9
2166,9
2167,7
2168,9
2169,6
2170,3
2171,7
2172,7
2173,14
2174,12
2175,12
2176,4
2177,9
2178,9
2179,9
2180,8
2181,9
2182,10
2183,9
2184,12
2185,3
2186,5
2187,9
2188,10
2189,4
2190,12
2191,9
2192,12
2193,9
2194,1
2195,4
2196,8
2197,8
2198,9
2199,3
2200,1
2201,9
2202,9
2203,1
2204,4
2205,1
2206,1
2207,3
2208,4
2209,3
2210,9
2211,7
2212,4
2213,2
2214,8
2215,4
2216,5
2217,3
2218,10
2219,10
2220,7
2221,9
2222,3
2223,3
2224,9
2225,7
2226,9
2227,4
2228,3
2229,10
2230,7
2231,3
2232,3
2233,9
2234,3
2235,9
2236,8
2237,5
2238,5
2239,7
2240,10
2241,1
2242,9
2243,10
2244,14
2245,2
2246,9
2247,7
2248,8
2249,9
2250,1
2251,4
2252,9
2253,9
2254,3
2255,8
2256,3
2257,12
2258,1
2259,14
2260,1
2261,12
2262,14
2263,7
2264,4
2265,4
2266,10
2267,9
2268,4
2269,4
2270,5
2271,8
2272,12
2273,9
2274,1
2275,9
2276,9
2277,3
2278,4
2279,4
2280,12
2281,3
2282,4
2283,10
2284,14
2285,6
2286,8
2287,8
2288,5
2289,3
2290,3
2291,2
2292,9
2293,10
2294,8
2295,4
2296,8
2297,9
2298,4
2299,12
2300,1
2301,14
2302,4
2303,7
2304,10
2305,7
2306,9
2307,4
2308,10
2309,9
2310,9
2311,6
2312,9
2313,1
2314,1
2315,1
2316,4
2317,5
2318,3
2319,9
2320,9
2321,4
2322,12
2323,3
2324,12
2325,3
2326,3
2327,1
2328,4
2329,7
2330,10
2331,10
2332,9
2333,8
2334,1
2335,3
2336,11
2337,9
2338,9
2339,4
2340,7
2341,1
2342,4
2343,8
2344,4
2345,4
2346,8
2347,8
2348,4
2349,8
2350,9
2351,14
2352,9
2353,4
2354,1
2355,8
2356,9
2357,4
2358,5
2359,3
2360,4
2361,1
2362,9
2363,9
2364,4
2365,10
2366,9
2367,14
2368,5
2369,9
2370,1
2371,12
2372,10
2373,4
2374,12
2375,1
2376,10
2377,1
2378,14
2379,9
2380,8
2381,9
2382,5
2383,5
2384,9
2385,4
2386,2
2387,8
2388,9
2389,12
2390,1
2391,7
2392,4
2393,9
2394,9
2395,8
2396,4
2397,8
2398,9
2399,8
2400,14
2401,8
2402,9
2403,7
2404,3
2405,14
2406,7
2407,8
2408,9
2409,4
2410,14
2411,12
2412,10
2413,14
2414,1
2415,9
2416,5
2417,10
2418,4
2419,9
2420,12
2421,9
2422,4
2423,9
2424,3
2425,4
2426,4
2427,4
2428,3
2429,9
2430,9
2431,1
2432,8
2433,4
2434,1
2435,3
2436,14
2437,14
2438,9
2439,4
2440,9
2441,7
2442,8
2443,3
2444,8
2445,7
2446,1
2447,3
2448,5
2449,8
2450,4
2451,14
2452,10
2453,9
2454,12
2455,8
2456,8
2457,9
2458,2
2459,14
2460,5
2461,8
2462,8
2463,4
2464,12
2465,14
2466,9
2467,9
2468,9
2469,1
2470,7
2471,5
2472,7
2473,4
2474,7
2475,8
2476,1
2477,4
2478,5
2479,11
2480,5
2481,9
2482,8
2483,4
2484,9
2485,4
2486,4
2487,10
2488,14
2489,14
2490,1
2491,9
2492,12
2493,8
2494,9
2495,9
2496,10
2497,1
2498,14
2499,9
2500,8
2501,2
2502,9
2503,7
2504,7
2505,9
2506,12
2507,9
2508,10
2509,4
2510,12
2511,3
2512,14
2513,7
2514,14
2515,9
2516,8
2517,10
2518,9
2519,12
2520,9
2521,3
2522,9
2523,9
2524,5
2525,9
2526,9
2527,9
2528,8
2529,1
2530,4
2531,1
2532,8
2533,8
2534,3
2535,5
2536,9
2537,9
2538,10
2539,7
2540,9
2541,12
2542,12
2543,10
2544,1
2545,8
2546,8
2547,5
2548,14
2549,10
2550,12
2551,4
2552,6
2553,10
2554,8
2555,1
2556,10
2557,4
2558,3
2559,8
2560,8
2561,4
2562,2
2563,12
2564,1
2565,4
2566,9
2567,3
2568,3
2569,4
2570,14
2571,6
2572,4
2573,4
2574,4
2575,4
2576,9
2577,3
2578,4
2579,1
2580,8
2581,5
2582,7
2583,12
2584,12
2585,14
2586,3
2587,9
2588,8
2589,8
2590,12
2591,11
2592,9
2593,10
2594,10
2595,9
2596,3
2597,1
2598,7
2599,7
2600,3
2601,7
2602,12
2603,9
2604,12
2605,1
2606,9
2607,9
2608,7
2609,5
2610,4
2611,9
2612,8
2613,7
2614,10
2615,7
2616,9
2617,4
2618,8
2619,9
2620,9
2621,4
2622,3
2623,8
2624,14
2625,3
2626,9
2627,9
2628,8
2629,9
2630,1
2631,9
2632,7
2633,4
2634,9
2635,9
2636,4
2637,7
2638,10
2639,9
2640,9
2641,4
2642,9
2643,4
2644,4
2645,9
2646,4
2647,8
2648,12
2649,8
2650,4
2651,8
2652,4
2653,4
2654,7
2655,9
2656,9
2657,9
2658,1
2659,1
2660,11
2661,1
2662,5
2663,10
2664,14
2665,8
2666,12
2667,3
2668,2
2669,9
2670,12
2671,8
2672,14
2673,2
2674,12
2675,1
2676,9
2677,5
2678,9
2679,7
2680,12
2681,4
2682,9
2683,3
2684,10
2685,1
2686,12
2687,8
2688,12
2689,3
2690,7
2691,7
2692,9
2693,9
2694,4
2695,8
2696,12
2697,9
2698,9
2699,4
2700,10
2701,12
2702,3
2703,4
2704,9
2705,14
2706,4
2707,3
2708,8
2709,8
2710,12
2711,12
2712,4
2713,9
2714,4
2715,9
2716,12
2717,9
2718,9
2719,3
2720,4
2721,1
2722,9
2723,14
2724,3
2725,9
2726,9
2727,9
2728,9
2729,1
2730,4
2731,9
2732,8
2733,1
2734,14
2735,14
2736,5
2737,14
2738,8
2739,9
2740,3
2741,14
2742,7
2743,14
2744,11
2745,12
2746,9
2747,8
2748,4
2749,10
2750,4
2751,14
2752,9
2753,9
2754,4
2755,4
2756,12
2757,4
2758,4
2759,12
2760,1
2761,8
2762,7
2763,9
2764,10
2765,9
2766,1
2767,9
2768,10
2769,10
2770,1
2771,3
2772,8
2773,11
2774,7
2775,1
2776,12
2777,2
2778,9
2779,9
2780,6
2781,9
2782,9
2783,9
2784,8
2785,1
2786,9
2787,7
2788,10
2789,2
2790,9
2791,8
2792,9
2793,9
2794,3
2795,12
2796,9
2797,1
2798,8
2799,7
2800,4
2801,10
2802,1
2803,1
2804,6
2805,8
2806,4
2807,4
2808,10
2809,5
2810,1
2811,14
2812,9
2813,1
2814,3
2815,7
2816,14
2817,1
2818,1
2819,9
2820,10
2821,10
2822,3
2823,1
2824,9
2825,9
2826,1
2827,11
2828,8
2829,8
2830,1
2831,9
2832,8
2833,4
2834,14
2835,7
2836,3
2837,8
2838,6
2839,8
2840,3
2841,5
2842,7
2843,11
2844,9
2845,9
2846,8
2847,9
2848,9
2849,4
2850,1
2851,9
2852,4
2853,8
2854,1
2855,8
2856,3
2857,10
2858,9
2859,4
2860,1
2861,9
2862,8
2863,10
2864,9
2865,7
2866,3
2867,3
2868,9
2869,5
2870,9
2871,1
2872,14
2873,4
2874,3
2875,7
2876,9
2877,8
2878,8
2879,4
2880,7
2881,9
2882,4
2883,8
2884,12
2885,9
2886,8
2887,4
2888,9
2889,9
2890,14
2891,1
2892,1
2893,5
2894,10
2895,10
2896,4
2897,9
2898,1
2899,9
2900,10
2901,3
2902,12
2903,1
2904,7
2905,4
2906,1
2907,2
2908,4
2909,9
2910,1
2911,9
2912,8
2913,12
2914,7
2915,12
2916,7
2917,8
2918,14
2919,12
2920,7
2921,9
2922,9
2923,3
2924,9
2925,9
2926,10
2927,8
2928,12
2929,9
2930,10
2931,11
2932,4
2933,9
2934,9
2935,4
2936,7
2937,8
2938,9
2939,3
2940,4
2941,8
2942,8
2943,1
2944,4
2945,4
2946,4
2947,4
2948,4
2949,3
2950,14
2951,9
2952,3
2953,1
2954,3
2955,12
2956,14
2957,3
2958,7
2959,1
2960,11
2961,14
2962,14
2963,9
2964,9
2965,3
2966,9
2967,4
2968,9
2969,6
2970,7
2971,9
2972,8
2973,8
2974,4
2975,7
2976,9
2977,9
2978,14
2979,9
2980,9
2981,4
2982,4
2983,8
2984,14
2985,8
2986,3
2987,9
2988,7
2989,9
2990,12
2991,4
2992,4
2993,8
2994,7
2995,4
2996,1
2997,9
2998,12
2999,10
3000,8
3001,4
3002,11
3003,3
3004,3
3005,8
3006,7
3007,1
3008,9
3009,4
3010,14
3011,4
3012,6
3013,4
3014,12
3015,8
3016,4
3017,14
3018,4
3019,9
3020,10
3021,7
3022,4
3023,4
3024,9
3025,10
3026,8
3027,5
3028,9
3029,4
3030,7
3031,12
3032,2
3033,6
3034,4
3035,4
3036,4
3037,4
3038,5
3039,4
3040,9
3041,4
3042,14
3043,9
3044,7
3045,5
3046,9
3047,8
3048,8
3049,14
3050,9
3051,2
3052,4
3053,10
3054,4
3055,9
3056,9
3057,3
3058,9
3059,8
3060,14
3061,3
3062,8
3063,7
3064,9
3065,9
3066,7
3067,9
3068,1
3069,8
3070,7
3071,7
3072,9
3073,9
3074,10
3075,3
3076,1
3077,4
3078,10
3079,8
3080,10
3081,7
3082,12
3083,1
3084,5
3085,5
3086,7
3087,9
3088,9
3089,10
3090,9
3091,7
3092,3
3093,10
3094,3
3095,4
3096,3
3097,9
3098,1
3099,4
3100,11
3101,9
3102,10
3103,4
3104,9
3105,4
3106,1
3107,1
3108,11
3109,9
3110,7
3111,12
3112,12
3113,8
3114,3
3115,9
3116,9
3117,12
3118,4
3119,1
3120,9
3121,9
3122,12
3123,3
3124,1
3125,4
3126,5
3127,8
3128,3
3129,1
3130,7
3131,11
3132,5
3133,3
3134,9
3135,9
3136,4
3137,14
3138,9
3139,5
3140,9
3141,4
3142,3
3143,8
3144,14
3145,14
3146,7
3147,9
3148,10
3149,7
3150,4
3151,9
3152,7
3153,3
3154,4
3155,9
3156,9
3157,3
3158,12
3159,4
3160,9
3161,9
3162,4
3163,4
3164,10
3165,3
3166,1
3167,14
3168,10
3169,9
3170,8
3171,4
3172,5
3173,14
3174,5
3175,8
3176,1
3177,4
3178,9
3179,3
3180,9
3181,4
3182,9
3183,10
3184,9
3185,9
3186,8
3187,7
3188,9
3189,9
3190,4
3191,8
3192,12
3193,4
3194,9
3195,12
3196,9
3197,3
3198,9
3199,3
3200,8
3201,9
3202,4
3203,14
3204,10
3205,7
3206,8
3207,14
3208,9
3209,4
3210,8
3211,7
3212,7
3213,12
3214,6
3215,5
3216,1
3217,10
3218,8
3219,1
3220,4
3221,8
3222,4
3223,4
3224,8
3225,14
3226,8
3227,9
3228,4
3229,9
3230,9
3231,7
3232,10
3233,7
3234,10
3235,9
3236,8
3237,12
3238,1
3239,1
3240,10
3241,4
3242,9
3243,6
3244,12
3245,2
3246,1
3247,10
3248,4
3249,8
3250,10
3251,9
3252,12
3253,7
3254,5
3255,9
3256,8
3257,14
3258,7
3259,8
3260,5
3261,4
3262,7
3263,3
3264,9
3265,14
3266,7
3267,8
3268,9
3269,1
3270,6
3271,1
3272,8
3273,8
3274,12
3275,9
3276,9
3277,1
3278,5
3279,9
3280,6
3281,4
3282,4
3283,9
3284,4
3285,9
3286,4
3287,1
3288,11
3289,4
3290,14
3291,4
3292,12
3293,5
3294,9
3295,9
3296,9
3297,7
3298,9
3299,5
3300,10
3301,4
3302,10
3303,1
3304,9
3305,12
3306,4
3307,10
3308,9
3309,12
3310,9
3311,5
3312,9
3313,12
3314,9
3315,4
3316,7
3317,3
3318,7
3319,6
3320,4
3321,9
3322,8
3323,4
3324,14
3325,14
3326,2
3327,8
3328,1
3329,7
3330,14
3331,9
3332,7
3333,3
3334,4
3335,9
3336,3
3337,10
3338,9
3339,4
3340,1
3341,9
3342,8
3343,8
3344,8
3345,7
3346,9
3347,3
3348,12
3349,14
3350,3
3351,8
3352,10
3353,7
3354,1
3355,8
3356,3
3357,8
3358,9
3359,4
3360,9
3361,8
3362,12
3363,3
3364,14
3365,7
3366,10
3367,7
3368,1
3369,8
3370,9
3371,11
3372,10
3373,14
3374,1
3375,1
3376,10
3377,2
3378,4
3379,8
3380,9
3381,9
3382,4
3383,5
3384,14
3385,12
3386,9
3387,10
3388,9
3389,9
3390,7
3391,10
3392,7
3393,12
3394,4
3395,8
3396,12
3397,5
3398,9
3399,8
3400,8
3401,9
3402,5
3403,9
3404,7
3405,8
3406,9
3407,14
3408,9
3409,3
3410,5
3411,1
3412,9
3413,12
3414,7
3415,14
3416,3
3417,3
3418,7
3419,11
3420,3
3421,11
3422,1
3423,8
3424,5
3425,14
3426,8
3427,5
3428,7
3429,8
3430,9
3431,9
3432,1
3433,9
3434,7
3435,1
3436,5
3437,4
3438,4
3439,5
3440,8
3441,9
3442,7
3443,14
3444,2
3445,3
3446,14
3447,4
3448,7
3449,9
3450,9
3451,5
3452,4
3453,3
3454,9
3455,12
3456,4
3457,4
3458,9
3459,10
3460,3
3461,9
3462,9
3463,8
3464,12
3465,3
3466,5
3467,9
3468,9
3469,9
3470,5
3471,8
3472,9
3473,4
3474,9
3475,14
3476,2
3477,4
3478,10
3479,4
3480,3
3481,9
3482,3
3483,12
3484,4
3485,5
3486,5
3487,9
3488,5
3489,9
3490,3
3491,12
3492,1
3493,1
3494,4
3495,9
3496,12
3497,4
3498,5
3499,1
3500,9
