Id,Prediction
1,3
2,4
3,9
4,3
5,10
6,10
7,6
8,5
9,14
10,1
11,10
12,2
13,9
14,14
15,9
16,10
17,7
18,3
19,1
20,2
21,9
22,14
23,7
24,1
25,4
26,9
27,9
28,1
29,4
30,13
31,9
32,9
33,1
34,2
35,9
36,8
37,9
38,12
39,3
40,4
41,9
42,3
43,12
44,1
45,4
46,9
47,9
48,14
49,13
50,3
51,14
52,10
53,4
54,7
55,7
56,1
57,4
58,5
59,14
60,5
61,3
62,7
63,1
64,9
65,5
66,4
67,5
68,5
69,7
70,11
71,11
72,6
73,5
74,7
75,5
76,3
77,5
78,5
79,14
80,9
81,6
82,7
83,12
84,9
85,3
86,1
87,7
88,6
89,9
90,7
91,14
92,9
93,8
94,9
95,2
96,9
97,4
98,14
99,10
100,11
101,14
102,4
103,9
104,7
105,6
106,1
107,10
108,4
109,5
110,5
111,1
112,5
113,9
114,9
115,1
116,4
117,14
118,1
119,4
120,10
121,9
122,14
123,12
124,14
125,9
126,7
127,1
128,10
129,9
130,3
131,12
132,3
133,4
134,12
135,14
136,9
137,3
138,9
139,5
140,1
141,9
142,12
143,3
144,5
145,4
146,5
147,5
148,9
149,11
150,5
151,6
152,12
153,1
154,9
155,9
156,9
157,10
158,3
159,7
160,7
161,9
162,3
163,4
164,7
165,3
166,1
167,3
168,9
169,3
170,5
171,5
172,3
173,1
174,14
175,11
176,4
177,8
178,5
179,3
180,1
181,9
182,10
183,7
184,9
185,2
186,5
187,9
188,9
189,7
190,9
191,14
192,1
193,1
194,6
195,10
196,5
197,4
198,9
199,9
200,7
201,1
202,10
203,9
204,6
205,1
206,10
207,9
208,10
209,3
210,7
211,4
212,8
213,7
214,12
215,12
216,5
217,9
218,7
219,8
220,5
221,5
222,9
223,7
224,9
225,6
226,7
227,9
228,5
229,9
230,5
231,4
232,1
233,7
234,9
235,10
236,9
237,5
238,12
239,14
240,7
241,5
242,10
243,5
244,9
245,14
246,12
247,9
248,4
249,5
250,4
251,9
252,10
253,6
254,4
255,9
256,9
257,14
258,5
259,5
260,12
261,7
262,14
263,6
264,12
265,5
266,14
267,4
268,9
269,12
270,9
271,9
272,4
273,5
274,12
275,10
276,1
277,10
278,9
279,7
280,9
281,7
282,3
283,14
284,14
285,4
286,5
287,4
288,9
289,1
290,4
291,1
292,14
293,9
294,10
295,3
296,12
297,5
298,5
299,1
300,7
301,9
302,9
303,10
304,3
305,4
306,8
307,5
308,4
309,10
310,8
311,9
312,10
313,14
314,9
315,12
316,9
317,10
318,7
319,7
320,8
321,5
322,8
323,10
324,9
325,4
326,12
327,1
328,4
329,4
330,7
331,9
332,9
333,10
334,9
335,10
336,8
337,9
338,9
339,8
340,12
341,9
342,5
343,3
344,7
345,9
346,7
347,8
348,3
349,9
350,1
351,6
352,12
353,7
354,9
355,9
356,4
357,5
358,11
359,3
360,14
361,1
362,5
363,9
364,7
365,7
366,4
367,10
368,3
369,5
370,7
371,14
372,9
373,9
374,14
375,1
376,5
377,8
378,3
379,1
380,12
381,8
382,1
383,9
384,9
385,4
386,1
387,1
388,5
389,7
390,3
391,5
392,1
393,9
394,9
395,5
396,5
397,14
398,5
399,5
400,10
401,9
402,4
403,5
404,9
405,14
406,1
407,4
408,10
409,8
410,9
411,5
412,9
413,5
414,9
415,9
416,10
417,14
418,10
419,12
420,14
421,3
422,4
423,12
424,9
425,4
426,9
427,10
428,10
429,3
430,4
431,5
432,9
433,14
434,1
435,3
436,9
437,5
438,1
439,3
440,11
441,4
442,3
443,7
444,10
445,5
446,12
447,9
448,3
449,4
450,10
451,1
452,5
453,5
454,6
455,1
456,10
457,9
458,5
459,4
460,3
461,9
462,4
463,1
464,4
465,5
466,9
467,8
468,5
469,14
470,5
471,8
472,9
473,9
474,3
475,5
476,6
477,7
478,7
479,9
480,10
481,5
482,7
483,3
484,9
485,9
486,6
487,5
488,5
489,5
490,10
491,5
492,14
493,9
494,9
495,3
496,7
497,14
498,12
499,10
500,9
501,12
502,8
503,14
504,9
505,1
506,9
507,5
508,1
509,10
510,5
511,7
512,10
513,8
514,11
515,5
516,10
517,2
518,5
519,5
520,5
521,11
522,9
523,1
524,9
525,10
526,10
527,10
528,8
529,4
530,4
531,14
532,9
533,7
534,7
535,10
536,7
537,10
538,3
539,12
540,9
541,1
542,1
543,9
544,4
545,9
546,10
547,4
548,10
549,9
550,4
551,9
552,9
553,9
554,10
555,9
556,10
557,3
558,9
559,4
560,10
561,5
562,7
563,3
564,7
565,5
566,3
567,3
568,12
569,5
570,7
571,9
572,9
573,12
574,7
575,7
576,10
577,1
578,5
579,5
580,5
581,9
582,4
583,10
584,3
585,5
586,12
587,12
588,9
589,14
590,13
591,1
592,12
593,5
594,12
595,5
596,8
597,4
598,8
599,10
600,5
601,1
602,3
603,4
604,9
605,7
606,9
607,1
608,1
609,7
610,10
611,8
612,11
613,3
614,9
615,5
616,3
617,9
618,12
619,9
620,1
621,8
622,9
623,5
624,5
625,3
626,5
627,9
628,10
629,3
630,5
631,9
632,8
633,3
634,10
635,6
636,5
637,12
638,9
639,5
640,10
641,9
642,10
643,9
644,14
645,9
646,3
647,3
648,3
649,11
650,9
651,9
652,5
653,9
654,10
655,10
656,5
657,9
658,4
659,5
660,5
661,10
662,5
663,9
664,3
665,6
666,7
667,8
668,10
669,5
670,12
671,5
672,9
673,12
674,5
675,10
676,5
677,9
678,3
679,9
680,1
681,4
682,9
683,3
684,5
685,11
686,8
687,4
688,8
689,9
690,14
691,12
692,7
693,9
694,3
695,5
696,9
697,9
698,9
699,9
700,7
701,5
702,5
703,9
704,14
705,9
706,5
707,3
708,9
709,2
710,5
711,12
712,4
713,9
714,6
715,9
716,5
717,14
718,7
719,10
720,14
721,1
722,12
723,9
724,8
725,7
726,5
727,1
728,7
729,3
730,1
731,5
732,5
733,9
734,3
735,9
736,6
737,3
738,1
739,1
740,9
741,11
742,9
743,10
744,9
745,4
746,9
747,4
748,9
749,4
750,1
751,8
752,9
753,10
754,12
755,4
756,9
757,7
758,5
759,4
760,9
761,7
762,3
763,8
764,4
765,9
766,7
767,9
768,9
769,2
770,11
771,5
772,9
773,7
774,1
775,3
776,9
777,5
778,9
779,8
780,5
781,10
782,12
783,9
784,7
785,5
786,7
787,4
788,9
789,8
790,1
791,10
792,9
793,12
794,14
795,9
796,9
797,9
798,9
799,8
800,9
801,10
802,4
803,14
804,1
805,1
806,10
807,9
808,6
809,3
810,9
811,5
812,14
813,4
814,1
815,9
816,1
817,12
818,8
819,9
820,9
821,10
822,12
823,5
824,9
825,5
826,9
827,5
828,14
829,9
830,7
831,10
832,10
833,9
834,5
835,9
836,9
837,10
838,9
839,9
840,4
841,5
842,3
843,5
844,1
845,3
846,4
847,14
848,3
849,4
850,9
851,10
852,5
853,14
854,1
855,14
856,9
857,7
858,9
859,9
860,6
861,9
862,7
863,8
864,5
865,5
866,3
867,9
868,5
869,3
870,3
871,5
872,8
873,14
874,4
875,10
876,3
877,10
878,10
879,1
880,9
881,7
882,1
883,4
884,1
885,9
886,9
887,4
888,10
889,11
890,7
891,4
892,7
893,10
894,9
895,14
896,9
897,14
898,1
899,9
900,1
901,5
902,4
903,9
904,10
905,12
906,5
907,7
908,4
909,3
910,9
911,1
912,12
913,10
914,4
915,1
916,12
917,5
918,8
919,14
920,1
921,5
922,10
923,1
924,9
925,14
926,3
927,4
928,4
929,3
930,3
931,5
932,8
933,5
934,4
935,1
936,4
937,4
938,3
939,1
940,5
941,14
942,4
943,1
944,5
945,8
946,14
947,3
948,1
949,14
950,11
951,14
952,9
953,14
954,3
955,4
956,5
957,7
958,3
959,3
960,7
961,9
962,9
963,7
964,5
965,4
966,6
967,8
968,12
969,5
970,3
971,3
972,12
973,8
974,5
975,9
976,10
977,9
978,12
979,8
980,10
981,9
982,10
983,9
984,3
985,4
986,3
987,7
988,12
989,7
990,9
991,9
992,1
993,8
994,4
995,7
996,1
997,10
998,10
999,5
1000,4
1001,8
1002,12
1003,10
1004,1
1005,14
1006,9
1007,7
1008,1
1009,3
1010,9
1011,10
1012,8
1013,7
1014,4
1015,6
1016,5
1017,8
1018,7
1019,10
1020,3
1021,5
1022,9
1023,5
1024,7
1025,9
1026,5
1027,9
1028,9
1029,14
1030,14
1031,9
1032,5
1033,10
1034,1
1035,2
1036,12
1037,5
1038,12
1039,9
1040,8
1041,10
1042,4
1043,9
1044,1
1045,10
1046,5
1047,5
1048,11
1049,1
1050,9
1051,9
1052,10
1053,9
1054,9
1055,7
1056,12
1057,14
1058,5
1059,5
1060,7
1061,7
1062,1
1063,4
1064,14
1065,9
1066,7
1067,10
1068,14
1069,12
1070,7
1071,5
1072,4
1073,1
1074,1
1075,5
1076,8
1077,12
1078,1
1079,1
1080,7
1081,9
1082,14
1083,1
1084,9
1085,10
1086,10
1087,1
1088,9
1089,4
1090,9
1091,9
1092,7
1093,9
1094,4
1095,9
1096,2
1097,7
1098,9
1099,4
1100,1
1101,5
1102,12
1103,4
1104,5
1105,7
1106,4
1107,8
1108,10
1109,4
1110,9
1111,12
1112,12
1113,9
1114,7
1115,5
1116,7
1117,9
1118,9
1119,10
1120,9
1121,4
1122,10
1123,9
1124,12
1125,1
1126,5
1127,7
1128,9
1129,10
1130,5
1131,13
1132,5
1133,9
1134,13
1135,5
1136,4
1137,9
1138,6
1139,8
1140,3
1141,3
1142,5
1143,10
1144,9
1145,7
1146,14
1147,14
1148,5
1149,9
1150,9
1151,9
1152,9
1153,6
1154,1
1155,5
1156,9
1157,7
1158,9
1159,9
1160,3
1161,7
1162,1
1163,12
1164,1
1165,12
1166,6
1167,9
1168,9
1169,11
1170,5
1171,5
1172,10
1173,9
1174,9
1175,9
1176,14
1177,4
1178,12
1179,10
1180,12
1181,7
1182,9
1183,4
1184,11
1185,14
1186,8
1187,5
1188,7
1189,4
1190,9
1191,5
1192,5
1193,4
1194,3
1195,4
1196,9
1197,12
1198,13
1199,9
1200,10
1201,9
1202,8
1203,6
1204,2
1205,9
1206,5
1207,1
1208,7
1209,9
1210,4
1211,5
1212,5
1213,11
1214,10
1215,1
1216,4
1217,1
1218,6
1219,1
1220,7
1221,3
1222,9
1223,3
1224,5
1225,12
1226,12
1227,5
1228,7
1229,14
1230,10
1231,10
1232,7
1233,5
1234,1
1235,9
1236,9
1237,9
1238,3
1239,10
1240,3
1241,3
1242,9
1243,9
1244,5
1245,1
1246,7
1247,9
1248,9
1249,13
1250,9
1251,7
1252,9
1253,10
1254,4
1255,5
1256,8
1257,9
1258,5
1259,13
1260,10
1261,1
1262,10
1263,8
1264,4
1265,9
1266,7
1267,9
1268,4
1269,12
1270,9
1271,10
1272,9
1273,3
1274,10
1275,7
1276,9
1277,12
1278,4
1279,9
1280,9
1281,9
1282,7
1283,5
1284,1
1285,7
1286,9
1287,9
1288,9
1289,5
1290,7
1291,14
1292,12
1293,14
1294,12
1295,9
1296,14
1297,9
1298,9
1299,5
1300,9
1301,3
1302,3
1303,7
1304,2
1305,9
1306,14
1307,12
1308,1
1309,5
1310,9
1311,4
1312,9
1313,5
1314,9
1315,14
1316,7
1317,5
1318,9
1319,7
1320,4
1321,4
1322,5
1323,12
1324,8
1325,2
1326,5
1327,10
1328,8
1329,7
1330,3
1331,3
1332,7
1333,4
1334,12
1335,12
1336,8
1337,7
1338,8
1339,4
1340,9
1341,13
1342,8
1343,4
1344,9
1345,3
1346,1
1347,7
1348,9
1349,3
1350,9
1351,10
1352,9
1353,3
1354,5
1355,8
1356,7
1357,9
1358,9
1359,9
1360,3
1361,5
1362,9
1363,3
1364,9
1365,9
1366,3
1367,4
1368,10
1369,7
1370,14
1371,3
1372,7
1373,14
1374,4
1375,14
1376,9
1377,9
1378,1
1379,1
1380,14
1381,6
1382,3
1383,1
1384,9
1385,8
1386,1
1387,5
1388,9
1389,9
1390,4
1391,3
1392,8
1393,3
1394,7
1395,7
1396,8
1397,10
1398,5
1399,12
1400,9
1401,7
1402,9
1403,9
1404,3
1405,6
1406,8
1407,8
1408,9
1409,3
1410,9
1411,14
1412,14
1413,9
1414,4
1415,7
1416,9
1417,4
1418,9
1419,5
1420,9
1421,1
1422,9
1423,1
1424,1
1425,14
1426,6
1427,10
1428,8
1429,1
1430,6
1431,7
1432,7
1433,3
1434,9
1435,9
1436,9
1437,10
1438,5
1439,7
1440,5
1441,10
1442,8
1443,5
1444,9
1445,7
1446,9
1447,5
1448,12
1449,9
1450,7
1451,5
1452,4
1453,5
1454,2
1455,5
1456,9
1457,9
1458,9
1459,9
1460,9
1461,5
1462,9
1463,12
1464,12
1465,7
1466,14
1467,3
1468,1
1469,10
1470,3
1471,3
1472,3
1473,6
1474,5
1475,10
1476,9
1477,10
1478,10
1479,5
1480,10
1481,5
1482,3
1483,10
1484,5
1485,10
1486,9
1487,9
1488,8
1489,4
1490,3
1491,3
1492,14
1493,7
1494,1
1495,1
1496,9
1497,9
1498,4
1499,8
1500,5
1501,10
1502,14
1503,10
1504,1
1505,9
1506,6
1507,3
1508,4
1509,3
1510,14
1511,12
1512,14
1513,14
1514,12
1515,9
1516,9
1517,9
1518,5
1519,3
1520,5
1521,1
1522,7
1523,7
1524,7
1525,14
1526,12
1527,1
1528,4
1529,4
1530,9
1531,9
1532,1
1533,9
1534,3
1535,1
1536,9
1537,9
1538,9
1539,10
1540,7
1541,1
1542,9
1543,10
1544,9
1545,5
1546,5
1547,9
1548,1
1549,7
1550,12
1551,9
1552,1
1553,9
1554,7
1555,7
1556,10
1557,10
1558,12
1559,7
1560,4
1561,6
1562,9
1563,8
1564,9
1565,14
1566,10
1567,10
1568,9
1569,9
1570,9
1571,9
1572,14
1573,9
1574,9
1575,5
1576,9
1577,1
1578,4
1579,8
1580,14
1581,9
1582,3
1583,10
1584,3
1585,9
1586,3
1587,14
1588,13
1589,7
1590,5
1591,3
1592,5
1593,7
1594,12
1595,12
1596,10
1597,9
1598,6
1599,7
1600,1
1601,9
1602,7
1603,10
1604,9
1605,9
1606,4
1607,4
1608,9
1609,3
1610,12
1611,9
1612,10
1613,6
1614,12
1615,9
1616,5
1617,10
1618,14
1619,8
1620,9
1621,12
1622,14
1623,4
1624,10
1625,1
1626,8
1627,1
1628,3
1629,6
1630,2
1631,9
1632,4
1633,7
1634,7
1635,4
1636,9
1637,9
1638,1
1639,9
1640,3
1641,4
1642,14
1643,5
1644,4
1645,10
1646,6
1647,10
1648,9
1649,9
1650,4
1651,9
1652,5
1653,1
1654,5
1655,14
1656,5
1657,7
1658,4
1659,4
1660,7
1661,10
1662,4
1663,14
1664,3
1665,5
1666,1
1667,9
1668,5
1669,9
1670,11
1671,10
1672,3
1673,1
1674,10
1675,9
1676,14
1677,3
1678,10
1679,9
1680,3
1681,9
1682,1
1683,7
1684,4
1685,3
1686,10
1687,6
1688,5
1689,7
1690,3
1691,10
1692,1
1693,7
1694,10
1695,3
1696,10
1697,9
1698,8
1699,3
1700,1
1701,9
1702,7
1703,10
1704,10
1705,10
1706,5
1707,14
1708,7
1709,1
1710,9
1711,11
1712,1
1713,10
1714,8
1715,7
1716,10
1717,7
1718,8
1719,5
1720,10
1721,7
1722,3
1723,3
1724,5
1725,5
1726,5
1727,9
1728,4
1729,10
1730,7
1731,3
1732,8
1733,5
1734,5
1735,5
1736,9
1737,4
1738,9
1739,12
1740,14
1741,7
1742,4
1743,9
1744,10
1745,10
1746,1
1747,14
1748,10
1749,9
1750,2
1751,6
1752,7
1753,7
1754,3
1755,9
1756,5
1757,4
1758,5
1759,9
1760,13
1761,12
1762,14
1763,2
1764,9
1765,7
1766,5
1767,11
1768,14
1769,4
1770,2
1771,1
1772,5
1773,8
1774,9
1775,14
1776,14
1777,14
1778,7
1779,3
1780,5
1781,9
1782,7
1783,7
1784,9
1785,5
1786,5
1787,9
1788,4
1789,3
1790,4
1791,1
1792,4
1793,5
1794,7
1795,10
1796,10
1797,8
1798,7
1799,11
1800,3
1801,5
1802,7
1803,9
1804,9
1805,3
1806,12
1807,7
1808,5
1809,12
1810,1
1811,1
1812,10
1813,5
1814,5
1815,10
1816,7
1817,1
1818,9
1819,5
1820,3
1821,7
1822,7
1823,14
1824,8
1825,4
1826,4
1827,7
1828,8
1829,5
1830,7
1831,10
1832,14
1833,10
1834,7
1835,9
1836,3
1837,12
1838,5
1839,9
1840,9
1841,1
1842,7
1843,7
1844,14
1845,1
1846,9
1847,3
1848,9
1849,3
1850,12
1851,8
1852,9
1853,9
1854,9
1855,10
1856,6
1857,1
1858,9
1859,6
1860,1
1861,4
1862,9
1863,9
1864,9
1865,9
1866,5
1867,9
1868,5
1869,12
1870,9
1871,9
1872,9
1873,5
1874,4
1875,7
1876,9
1877,4
1878,11
1879,9
1880,2
1881,9
1882,7
1883,12
1884,11
1885,9
1886,4
1887,5
1888,9
1889,10
1890,9
1891,11
1892,4
1893,3
1894,12
1895,9
1896,1
1897,2
1898,7
1899,5
1900,9
1901,8
1902,12
1903,1
1904,11
1905,14
1906,9
1907,4
1908,12
1909,5
1910,2
1911,3
1912,5
1913,5
1914,7
1915,1
1916,4
1917,10
1918,9
1919,3
1920,9
1921,9
1922,9
1923,7
1924,4
1925,9
1926,3
1927,7
1928,10
1929,5
1930,1
1931,5
1932,9
1933,7
1934,9
1935,5
1936,1
1937,5
1938,9
1939,6
1940,9
1941,7
1942,5
1943,14
1944,14
1945,5
1946,9
1947,4
1948,10
1949,9
1950,9
1951,6
1952,12
1953,4
1954,5
1955,1
1956,8
1957,1
1958,5
1959,9
1960,5
1961,4
1962,12
1963,7
1964,11
1965,1
1966,9
1967,3
1968,9
1969,3
1970,7
1971,4
1972,9
1973,10
1974,9
1975,4
1976,4
1977,7
1978,6
1979,6
1980,1
1981,5
1982,14
1983,5
1984,9
1985,10
1986,7
1987,9
1988,10
1989,9
1990,5
1991,10
1992,4
1993,10
1994,9
1995,9
1996,10
1997,5
1998,12
1999,3
2000,5
2001,14
2002,10
2003,7
2004,3
2005,10
2006,3
2007,3
2008,4
2009,10
2010,3
2011,1
2012,4
2013,9
2014,4
2015,11
2016,9
2017,10
2018,5
2019,7
2020,14
2021,3
2022,3
2023,3
2024,9
2025,9
2026,3
2027,14
2028,7
2029,3
2030,9
2031,12
2032,4
2033,9
2034,1
2035,3
2036,12
2037,9
2038,4
2039,9
2040,9
2041,3
2042,5
2043,7
2044,9
2045,14
2046,9
2047,7
2048,9
2049,12
2050,1
2051,8
2052,9
2053,10
2054,4
2055,12
2056,9
2057,9
2058,1
2059,4
2060,9
2061,9
2062,4
2063,9
2064,3
2065,1
2066,9
2067,4
2068,5
2069,5
2070,8
2071,5
2072,5
2073,3
2074,5
2075,10
2076,9
2077,3
2078,12
2079,5
2080,7
2081,12
2082,12
2083,4
2084,8
2085,3
2086,10
2087,14
2088,7
2089,9
2090,3
2091,9
2092,5
2093,5
2094,9
2095,1
2096,1
2097,5
2098,5
2099,9
2100,8
2101,8
2102,5
2103,4
2104,9
2105,12
2106,9
2107,5
2108,3
2109,10
2110,4
2111,14
2112,9
2113,4
2114,3
2115,5
2116,13
2117,10
2118,9
2119,9
2120,14
2121,12
2122,9
2123,3
2124,10
2125,4
2126,1
2127,12
2128,11
2129,7
2130,9
2131,9
2132,3
2133,9
2134,4
2135,7
2136,7
2137,9
2138,3
2139,10
2140,12
2141,7
2142,9
2143,9
2144,1
2145,8
2146,9
2147,7
2148,3
2149,4
2150,1
2151,1
2152,8
2153,3
2154,3
2155,9
2156,5
2157,4
2158,9
2159,3
2160,5
2161,4
2162,8
2163,9
2164,7
2165,9
2166,9
2167,6
2168,9
2169,6
2170,3
2171,7
2172,7
2173,14
2174,12
2175,12
2176,4
2177,9
2178,9
2179,9
2180,10
2181,8
2182,10
2183,14
2184,12
2185,3
2186,3
2187,9
2188,6
2189,5
2190,12
2191,5
2192,12
2193,9
2194,2
2195,9
2196,9
2197,5
2198,9
2199,3
2200,1
2201,9
2202,9
2203,1
2204,9
2205,1
2206,1
2207,1
2208,4
2209,2
2210,6
2211,7
2212,4
2213,3
2214,12
2215,4
2216,5
2217,1
2218,7
2219,10
2220,5
2221,5
2222,3
2223,3
2224,9
2225,7
2226,14
2227,4
2228,3
2229,10
2230,5
2231,3
2232,10
2233,7
2234,3
2235,9
2236,5
2237,5
2238,5
2239,7
2240,10
2241,1
2242,7
2243,10
2244,5
2245,4
2246,9
2247,7
2248,5
2249,9
2250,1
2251,4
2252,9
2253,9
2254,3
2255,10
2256,11
2257,9
2258,2
2259,14
2260,1
2261,12
2262,14
2263,7
2264,9
2265,9
2266,10
2267,7
2268,9
2269,4
2270,5
2271,9
2272,9
2273,9
2274,1
2275,9
2276,7
2277,3
2278,4
2279,9
2280,12
2281,3
2282,5
2283,10
2284,14
2285,6
2286,9
2287,8
2288,5
2289,10
2290,3
2291,4
2292,9
2293,10
2294,8
2295,4
2296,9
2297,9
2298,9
2299,9
2300,1
2301,14
2302,4
2303,7
2304,10
2305,7
2306,9
2307,4
2308,10
2309,5
2310,9
2311,5
2312,9
2313,2
2314,1
2315,1
2316,9
2317,5
2318,11
2319,9
2320,3
2321,3
2322,12
2323,3
2324,12
2325,3
2326,11
2327,1
2328,9
2329,7
2330,10
2331,10
2332,9
2333,8
2334,1
2335,3
2336,3
2337,9
2338,7
2339,4
2340,9
2341,1
2342,3
2343,8
2344,5
2345,4
2346,10
2347,10
2348,9
2349,5
2350,10
2351,14
2352,12
2353,9
2354,1
2355,5
2356,6
2357,9
2358,5
2359,3
2360,5
2361,1
2362,9
2363,9
2364,4
2365,10
2366,9
2367,14
2368,5
2369,7
2370,1
2371,12
2372,10
2373,4
2374,8
2375,1
2376,10
2377,1
2378,14
2379,9
2380,9
2381,5
2382,5
2383,5
2384,5
2385,4
2386,4
2387,3
2388,7
2389,12
2390,2
2391,7
2392,9
2393,9
2394,3
2395,8
2396,9
2397,5
2398,5
2399,8
2400,14
2401,10
2402,9
2403,7
2404,3
2405,14
2406,6
2407,10
2408,9
2409,4
2410,14
2411,12
2412,7
2413,14
2414,1
2415,9
2416,5
2417,10
2418,9
2419,4
2420,7
2421,9
2422,9
2423,14
2424,3
2425,2
2426,4
2427,4
2428,10
2429,8
2430,9
2431,1
2432,14
2433,4
2434,1
2435,3
2436,14
2437,14
2438,9
2439,9
2440,9
2441,6
2442,3
2443,3
2444,9
2445,7
2446,1
2447,3
2448,3
2449,8
2450,4
2451,14
2452,10
2453,9
2454,12
2455,10
2456,4
2457,9
2458,2
2459,5
2460,5
2461,12
2462,10
2463,4
2464,12
2465,14
2466,9
2467,9
2468,9
2469,1
2470,7
2471,3
2472,7
2473,4
2474,7
2475,9
2476,1
2477,9
2478,5
2479,3
2480,5
2481,6
2482,8
2483,4
2484,4
2485,4
2486,9
2487,6
2488,14
2489,14
2490,1
2491,9
2492,9
2493,8
2494,9
2495,9
2496,10
2497,1
2498,14
2499,9
2500,9
2501,2
2502,9
2503,5
2504,5
2505,9
2506,12
2507,9
2508,10
2509,4
2510,12
2511,11
2512,14
2513,7
2514,14
2515,7
2516,9
2517,10
2518,9
2519,12
2520,9
2521,3
2522,9
2523,9
2524,9
2525,9
2526,6
2527,9
2528,9
2529,1
2530,9
2531,1
2532,8
2533,5
2534,2
2535,3
2536,9
2537,9
2538,10
2539,5
2540,9
2541,8
2542,12
2543,10
2544,1
2545,9
2546,8
2547,5
2548,14
2549,10
2550,12
2551,9
2552,13
2553,10
2554,5
2555,2
2556,3
2557,9
2558,3
2559,10
2560,5
2561,4
2562,10
2563,9
2564,1
2565,5
2566,5
2567,2
2568,3
2569,9
2570,14
2571,5
2572,9
2573,4
2574,9
2575,4
2576,10
2577,3
2578,5
2579,2
2580,8
2581,5
2582,14
2583,12
2584,12
2585,14
2586,3
2587,5
2588,5
2589,4
2590,9
2591,11
2592,7
2593,10
2594,10
2595,9
2596,3
2597,2
2598,7
2599,7
2600,3
2601,7
2602,9
2603,9
2604,12
2605,1
2606,9
2607,9
2608,7
2609,5
2610,9
2611,9
2612,8
2613,5
2614,10
2615,7
2616,9
2617,4
2618,9
2619,5
2620,9
2621,5
2622,11
2623,8
2624,14
2625,3
2626,5
2627,5
2628,9
2629,9
2630,1
2631,7
2632,7
2633,5
2634,4
2635,9
2636,4
2637,7
2638,10
2639,9
2640,9
2641,9
2642,4
2643,9
2644,5
2645,9
2646,4
2647,13
2648,12
2649,8
2650,4
2651,4
2652,9
2653,4
2654,7
2655,12
2656,9
2657,5
2658,1
2659,1
2660,4
2661,1
2662,9
2663,10
2664,14
2665,10
2666,12
2667,10
2668,9
2669,9
2670,12
2671,8
2672,14
2673,3
2674,12
2675,1
2676,7
2677,5
2678,9
2679,5
2680,9
2681,4
2682,7
2683,11
2684,10
2685,1
2686,9
2687,9
2688,12
2689,3
2690,7
2691,7
2692,9
2693,9
2694,5
2695,8
2696,9
2697,9
2698,5
2699,9
2700,10
2701,12
2702,3
2703,4
2704,9
2705,14
2706,5
2707,3
2708,8
2709,9
2710,12
2711,12
2712,9
2713,9
2714,9
2715,4
2716,9
2717,9
2718,9
2719,3
2720,3
2721,1
2722,9
2723,14
2724,3
2725,5
2726,9
2727,9
2728,9
2729,1
2730,4
2731,9
2732,9
2733,1
2734,14
2735,5
2736,7
2737,5
2738,5
2739,7
2740,3
2741,14
2742,5
2743,14
2744,11
2745,12
2746,5
2747,8
2748,4
2749,10
2750,4
2751,14
2752,14
2753,9
2754,5
2755,9
2756,8
2757,9
2758,9
2759,12
2760,1
2761,8
2762,7
2763,5
2764,10
2765,5
2766,1
2767,7
2768,10
2769,10
2770,1
2771,3
2772,9
2773,4
2774,7
2775,1
2776,12
2777,2
2778,14
2779,14
2780,5
2781,10
2782,9
2783,9
2784,4
2785,2
2786,9
2787,9
2788,10
2789,4
2790,9
2791,10
2792,6
2793,5
2794,3
2795,12
2796,9
2797,1
2798,10
2799,7
2800,4
2801,10
2802,1
2803,1
2804,5
2805,9
2806,4
2807,4
2808,10
2809,5
2810,1
2811,5
2812,7
2813,1
2814,3
2815,9
2816,14
2817,1
2818,1
2819,5
2820,10
2821,10
2822,3
2823,1
2824,9
2825,9
2826,1
2827,11
2828,9
2829,10
2830,1
2831,7
2832,5
2833,4
2834,5
2835,12
2836,11
2837,5
2838,6
2839,8
2840,3
2841,5
2842,7
2843,11
2844,9
2845,9
2846,5
2847,4
2848,9
2849,9
2850,1
2851,10
2852,4
2853,5
2854,1
2855,9
2856,3
2857,10
2858,9
2859,9
2860,1
2861,7
2862,5
2863,10
2864,8
2865,7
2866,2
2867,3
2868,5
2869,9
2870,14
2871,1
2872,14
2873,4
2874,3
2875,7
2876,9
2877,8
2878,5
2879,4
2880,7
2881,9
2882,4
2883,5
2884,12
2885,9
2886,9
2887,4
2888,5
2889,9
2890,14
2891,1
2892,1
2893,3
2894,10
2895,10
2896,4
2897,5
2898,1
2899,6
2900,10
2901,3
2902,8
2903,1
2904,9
2905,9
2906,1
2907,9
2908,4
2909,7
2910,1
2911,9
2912,8
2913,12
2914,2
2915,12
2916,9
2917,8
2918,14
2919,12
2920,5
2921,9
2922,9
2923,3
2924,5
2925,9
2926,10
2927,9
2928,9
2929,5
2930,10
2931,4
2932,4
2933,6
2934,5
2935,9
2936,7
2937,9
2938,9
2939,3
2940,9
2941,3
2942,5
2943,1
2944,9
2945,9
2946,4
2947,4
2948,5
2949,3
2950,5
2951,9
2952,10
2953,1
2954,11
2955,11
2956,14
2957,3
2958,7
2959,1
2960,4
2961,14
2962,14
2963,9
2964,9
2965,3
2966,9
2967,4
2968,8
2969,6
2970,7
2971,4
2972,8
2973,10
2974,4
2975,7
2976,14
2977,9
2978,14
2979,9
2980,9
2981,4
2982,4
2983,9
2984,14
2985,10
2986,3
2987,9
2988,7
2989,7
2990,11
2991,9
2992,9
2993,5
2994,7
2995,4
2996,1
2997,4
2998,12
2999,10
3000,6
3001,9
3002,4
3003,3
3004,11
3005,8
3006,7
3007,1
3008,9
3009,9
3010,14
3011,4
3012,7
3013,4
3014,9
3015,5
3016,9
3017,14
3018,9
3019,9
3020,10
3021,7
3022,9
3023,9
3024,13
3025,10
3026,8
3027,5
3028,9
3029,4
3030,7
3031,12
3032,2
3033,6
3034,4
3035,4
3036,4
3037,9
3038,7
3039,4
3040,6
3041,9
3042,14
3043,6
3044,7
3045,5
3046,9
3047,5
3048,8
3049,5
3050,8
3051,3
3052,4
3053,10
3054,4
3055,5
3056,9
3057,3
3058,9
3059,8
3060,14
3061,3
3062,9
3063,7
3064,9
3065,5
3066,7
3067,9
3068,1
3069,5
3070,7
3071,5
3072,12
3073,10
3074,10
3075,10
3076,1
3077,9
3078,10
3079,9
3080,10
3081,7
3082,12
3083,1
3084,5
3085,5
3086,13
3087,12
3088,5
3089,10
3090,9
3091,7
3092,3
3093,10
3094,3
3095,5
3096,3
3097,5
3098,1
3099,5
3100,4
3101,4
3102,10
3103,9
3104,5
3105,5
3106,1
3107,1
3108,11
3109,5
3110,7
3111,12
3112,12
3113,10
3114,3
3115,5
3116,7
3117,12
3118,4
3119,1
3120,10
3121,5
3122,12
3123,11
3124,1
3125,4
3126,5
3127,10
3128,3
3129,1
3130,7
3131,3
3132,5
3133,5
3134,9
3135,5
3136,4
3137,14
3138,10
3139,5
3140,5
3141,4
3142,3
3143,9
3144,14
3145,14
3146,5
3147,9
3148,10
3149,7
3150,4
3151,7
3152,7
3153,3
3154,4
3155,9
3156,5
3157,3
3158,9
3159,9
3160,14
3161,9
3162,4
3163,4
3164,10
3165,10
3166,1
3167,14
3168,7
3169,8
3170,9
3171,4
3172,14
3173,14
3174,5
3175,8
3176,1
3177,9
3178,10
3179,3
3180,14
3181,4
3182,8
3183,10
3184,5
3185,9
3186,5
3187,7
3188,9
3189,9
3190,9
3191,3
3192,12
3193,9
3194,5
3195,12
3196,9
3197,1
3198,9
3199,3
3200,10
3201,9
3202,9
3203,14
3204,10
3205,7
3206,10
3207,14
3208,10
3209,9
3210,9
3211,7
3212,7
3213,9
3214,6
3215,5
3216,1
3217,10
3218,8
3219,1
3220,9
3221,8
3222,9
3223,9
3224,8
3225,14
3226,5
3227,9
3228,9
3229,9
3230,9
3231,7
3232,10
3233,9
3234,10
3235,9
3236,4
3237,12
3238,1
3239,1
3240,10
3241,4
3242,9
3243,6
3244,12
3245,4
3246,1
3247,10
3248,9
3249,10
3250,7
3251,12
3252,9
3253,7
3254,3
3255,9
3256,12
3257,14
3258,9
3259,9
3260,5
3261,4
3262,7
3263,3
3264,7
3265,14
3266,7
3267,8
3268,9
3269,1
3270,5
3271,1
3272,3
3273,10
3274,8
3275,9
3276,9
3277,1
3278,7
3279,12
3280,5
3281,9
3282,4
3283,3
3284,4
3285,9
3286,5
3287,1
3288,4
3289,3
3290,14
3291,4
3292,9
3293,3
3294,4
3295,8
3296,7
3297,5
3298,5
3299,3
3300,10
3301,9
3302,10
3303,1
3304,9
3305,8
3306,4
3307,10
3308,9
3309,9
3310,7
3311,5
3312,9
3313,12
3314,9
3315,9
3316,7
3317,3
3318,7
3319,7
3320,5
3321,9
3322,9
3323,4
3324,14
3325,14
3326,3
3327,10
3328,1
3329,7
3330,14
3331,14
3332,7
3333,3
3334,9
3335,9
3336,10
3337,10
3338,9
3339,9
3340,1
3341,9
3342,5
3343,12
3344,9
3345,7
3346,9
3347,2
3348,12
3349,14
3350,10
3351,8
3352,11
3353,5
3354,2
3355,8
3356,3
3357,8
3358,9
3359,5
3360,7
3361,5
3362,9
3363,3
3364,14
3365,7
3366,6
3367,7
3368,1
3369,5
3370,6
3371,11
3372,10
3373,14
3374,2
3375,1
3376,10
3377,3
3378,4
3379,8
3380,5
3381,9
3382,4
3383,3
3384,5
3385,12
3386,9
3387,10
3388,9
3389,9
3390,7
3391,10
3392,7
3393,9
3394,4
3395,8
3396,9
3397,3
3398,12
3399,8
3400,8
3401,9
3402,3
3403,9
3404,7
3405,8
3406,4
3407,14
3408,5
3409,3
3410,3
3411,1
3412,7
3413,12
3414,7
3415,14
3416,3
3417,3
3418,7
3419,3
3420,2
3421,11
3422,1
3423,5
3424,5
3425,14
3426,8
3427,5
3428,7
3429,10
3430,9
3431,5
3432,1
3433,9
3434,7
3435,1
3436,3
3437,4
3438,9
3439,9
3440,8
3441,9
3442,7
3443,14
3444,9
3445,3
3446,14
3447,4
3448,7
3449,9
3450,4
3451,5
3452,4
3453,3
3454,3
3455,9
3456,9
3457,9
3458,9
3459,10
3460,2
3461,9
3462,3
3463,5
3464,12
3465,2
3466,5
3467,7
3468,9
3469,9
3470,5
3471,14
3472,9
3473,3
3474,13
3475,14
3476,3
3477,4
3478,10
3479,9
3480,2
3481,12
3482,3
3483,12
3484,4
3485,9
3486,9
3487,5
3488,5
3489,5
3490,2
3491,12
3492,1
3493,1
3494,9
3495,4
3496,12
3497,4
3498,5
3499,1
3500,9
