Id,Prediction
1,3
2,4
3,14
4,3
5,10
6,10
7,6
8,10
9,9
10,1
11,10
12,1
13,9
14,14
15,9
16,10
17,7
18,4
19,11
20,2
21,9
22,14
23,7
24,11
25,4
26,8
27,9
28,1
29,4
30,7
31,8
32,9
33,11
34,1
35,2
36,8
37,9
38,12
39,3
40,2
41,6
42,8
43,12
44,1
45,2
46,2
47,9
48,14
49,8
50,3
51,14
52,10
53,3
54,5
55,7
56,11
57,8
58,5
59,9
60,5
61,10
62,5
63,1
64,4
65,5
66,4
67,5
68,5
69,7
70,2
71,2
72,4
73,5
74,6
75,5
76,11
77,5
78,5
79,14
80,9
81,6
82,7
83,12
84,4
85,3
86,11
87,5
88,7
89,9
90,7
91,14
92,9
93,8
94,4
95,1
96,9
97,5
98,14
99,10
100,2
101,14
102,2
103,5
104,5
105,6
106,1
107,10
108,8
109,5
110,5
111,1
112,5
113,2
114,9
115,1
116,5
117,14
118,1
119,8
120,10
121,8
122,8
123,12
124,9
125,4
126,7
127,1
128,10
129,2
130,4
131,12
132,8
133,4
134,12
135,9
136,7
137,3
138,9
139,5
140,11
141,9
142,12
143,3
144,5
145,4
146,5
147,5
148,14
149,2
150,5
151,4
152,12
153,1
154,9
155,2
156,9
157,10
158,11
159,7
160,7
161,9
162,10
163,8
164,14
165,4
166,1
167,4
168,9
169,3
170,5
171,3
172,11
173,11
174,14
175,2
176,8
177,8
178,9
179,11
180,1
181,9
182,10
183,7
184,14
185,1
186,14
187,9
188,9
189,7
190,9
191,14
192,11
193,1
194,7
195,10
196,5
197,11
198,2
199,8
200,7
201,1
202,10
203,9
204,6
205,11
206,10
207,6
208,10
209,11
210,14
211,11
212,8
213,7
214,12
215,12
216,3
217,9
218,7
219,8
220,5
221,14
222,9
223,7
224,9
225,6
226,7
227,5
228,5
229,9
230,5
231,4
232,1
233,7
234,12
235,10
236,4
237,5
238,12
239,8
240,7
241,5
242,10
243,5
244,8
245,14
246,12
247,7
248,5
249,5
250,2
251,2
252,12
253,6
254,4
255,9
256,9
257,14
258,5
259,5
260,12
261,9
262,14
263,7
264,12
265,5
266,14
267,2
268,8
269,7
270,4
271,8
272,11
273,5
274,12
275,10
276,1
277,10
278,5
279,12
280,4
281,7
282,11
283,8
284,14
285,5
286,5
287,4
288,5
289,1
290,5
291,1
292,14
293,8
294,10
295,4
296,12
297,5
298,5
299,11
300,7
301,9
302,14
303,10
304,3
305,2
306,8
307,4
308,4
309,10
310,8
311,2
312,10
313,14
314,9
315,12
316,3
317,10
318,14
319,7
320,8
321,14
322,9
323,10
324,9
325,4
326,12
327,1
328,8
329,4
330,7
331,8
332,9
333,10
334,9
335,10
336,8
337,9
338,9
339,8
340,12
341,9
342,5
343,11
344,7
345,8
346,7
347,8
348,4
349,9
350,11
351,6
352,12
353,7
354,5
355,2
356,4
357,5
358,2
359,3
360,8
361,1
362,5
363,9
364,7
365,7
366,2
367,10
368,11
369,5
370,7
371,14
372,9
373,4
374,14
375,1
376,5
377,8
378,3
379,1
380,12
381,8
382,1
383,9
384,8
385,4
386,11
387,1
388,5
389,7
390,11
391,3
392,11
393,10
394,4
395,5
396,5
397,14
398,5
399,5
400,10
401,7
402,2
403,5
404,9
405,14
406,1
407,4
408,10
409,8
410,9
411,5
412,4
413,5
414,9
415,12
416,10
417,14
418,10
419,12
420,14
421,3
422,2
423,12
424,9
425,4
426,8
427,10
428,10
429,11
430,4
431,5
432,4
433,14
434,1
435,3
436,2
437,5
438,1
439,11
440,11
441,4
442,11
443,7
444,8
445,5
446,12
447,9
448,3
449,5
450,10
451,1
452,5
453,5
454,6
455,11
456,10
457,9
458,5
459,3
460,11
461,8
462,8
463,1
464,5
465,5
466,8
467,8
468,5
469,14
470,5
471,8
472,2
473,9
474,3
475,5
476,7
477,7
478,7
479,9
480,10
481,4
482,7
483,3
484,9
485,9
486,7
487,5
488,5
489,5
490,10
491,5
492,14
493,9
494,9
495,10
496,7
497,14
498,12
499,10
500,9
501,12
502,8
503,14
504,9
505,11
506,9
507,5
508,11
509,10
510,4
511,14
512,10
513,8
514,2
515,5
516,14
517,11
518,5
519,5
520,5
521,11
522,2
523,1
524,9
525,10
526,10
527,10
528,8
529,5
530,2
531,5
532,9
533,7
534,7
535,10
536,7
537,10
538,3
539,12
540,9
541,1
542,1
543,9
544,2
545,3
546,9
547,2
548,10
549,9
550,4
551,9
552,4
553,2
554,10
555,9
556,14
557,3
558,9
559,5
560,10
561,5
562,7
563,3
564,7
565,14
566,2
567,2
568,12
569,5
570,7
571,7
572,2
573,12
574,7
575,7
576,10
577,1
578,5
579,5
580,5
581,5
582,8
583,10
584,10
585,5
586,12
587,12
588,2
589,14
590,8
591,11
592,12
593,5
594,12
595,5
596,8
597,2
598,5
599,10
600,9
601,1
602,11
603,4
604,9
605,7
606,2
607,11
608,1
609,7
610,10
611,8
612,2
613,3
614,9
615,5
616,3
617,14
618,12
619,8
620,1
621,8
622,8
623,5
624,5
625,3
626,5
627,9
628,10
629,3
630,5
631,4
632,8
633,3
634,10
635,5
636,5
637,8
638,4
639,5
640,10
641,9
642,11
643,9
644,14
645,8
646,3
647,3
648,4
649,2
650,14
651,2
652,5
653,8
654,10
655,10
656,5
657,8
658,8
659,5
660,5
661,9
662,5
663,5
664,5
665,7
666,7
667,8
668,10
669,5
670,12
671,5
672,9
673,12
674,5
675,10
676,5
677,9
678,3
679,9
680,1
681,4
682,9
683,3
684,5
685,2
686,8
687,4
688,8
689,9
690,14
691,12
692,7
693,9
694,3
695,5
696,9
697,12
698,9
699,9
700,7
701,8
702,5
703,2
704,14
705,8
706,4
707,11
708,9
709,1
710,5
711,12
712,5
713,4
714,6
715,9
716,5
717,14
718,7
719,10
720,14
721,1
722,12
723,2
724,8
725,7
726,5
727,1
728,14
729,11
730,1
731,8
732,5
733,14
734,3
735,12
736,10
737,11
738,1
739,1
740,9
741,11
742,2
743,10
744,2
745,6
746,9
747,8
748,1
749,4
750,1
751,8
752,8
753,10
754,12
755,4
756,2
757,7
758,5
759,5
760,9
761,7
762,3
763,8
764,5
765,9
766,5
767,2
768,2
769,2
770,2
771,5
772,9
773,7
774,1
775,3
776,9
777,5
778,8
779,8
780,5
781,9
782,12
783,9
784,7
785,5
786,7
787,4
788,3
789,12
790,1
791,10
792,12
793,12
794,14
795,9
796,9
797,2
798,9
799,8
800,12
801,10
802,4
803,14
804,1
805,11
806,8
807,4
808,6
809,3
810,9
811,5
812,14
813,4
814,1
815,9
816,11
817,12
818,8
819,9
820,9
821,10
822,12
823,5
824,5
825,5
826,9
827,5
828,14
829,9
830,7
831,10
832,10
833,6
834,5
835,2
836,6
837,10
838,9
839,8
840,4
841,5
842,3
843,5
844,1
845,10
846,8
847,14
848,10
849,9
850,8
851,10
852,5
853,14
854,3
855,9
856,4
857,7
858,8
859,9
860,6
861,9
862,7
863,5
864,5
865,5
866,10
867,9
868,5
869,3
870,11
871,5
872,8
873,9
874,4
875,10
876,3
877,10
878,10
879,1
880,9
881,7
882,1
883,2
884,11
885,8
886,9
887,4
888,10
889,2
890,7
891,4
892,6
893,10
894,9
895,14
896,2
897,14
898,1
899,8
900,1
901,5
902,2
903,9
904,10
905,12
906,3
907,7
908,4
909,3
910,8
911,1
912,12
913,10
914,5
915,1
916,12
917,5
918,8
919,14
920,1
921,5
922,10
923,1
924,9
925,14
926,3
927,4
928,8
929,11
930,11
931,5
932,8
933,5
934,2
935,11
936,4
937,2
938,3
939,1
940,5
941,5
942,4
943,11
944,8
945,8
946,14
947,11
948,1
949,9
950,8
951,5
952,9
953,14
954,3
955,4
956,5
957,7
958,11
959,2
960,7
961,9
962,9
963,7
964,5
965,4
966,6
967,8
968,8
969,5
970,3
971,11
972,12
973,8
974,5
975,8
976,10
977,5
978,12
979,8
980,10
981,9
982,10
983,9
984,11
985,8
986,3
987,7
988,12
989,7
990,8
991,9
992,1
993,8
994,2
995,8
996,1
997,10
998,10
999,5
1000,8
1001,8
1002,12
1003,10
1004,1
1005,14
1006,9
1007,7
1008,11
1009,3
1010,9
1011,10
1012,8
1013,7
1014,4
1015,6
1016,5
1017,8
1018,9
1019,10
1020,11
1021,4
1022,4
1023,5
1024,7
1025,8
1026,5
1027,9
1028,9
1029,14
1030,14
1031,9
1032,5
1033,10
1034,1
1035,2
1036,9
1037,8
1038,12
1039,9
1040,8
1041,10
1042,4
1043,9
1044,1
1045,9
1046,3
1047,5
1048,2
1049,1
1050,4
1051,8
1052,10
1053,5
1054,4
1055,7
1056,12
1057,14
1058,5
1059,5
1060,7
1061,7
1062,11
1063,11
1064,14
1065,4
1066,7
1067,10
1068,14
1069,12
1070,5
1071,5
1072,5
1073,1
1074,1
1075,14
1076,8
1077,12
1078,1
1079,1
1080,5
1081,8
1082,14
1083,11
1084,9
1085,10
1086,10
1087,11
1088,2
1089,4
1090,9
1091,9
1092,7
1093,9
1094,4
1095,8
1096,1
1097,7
1098,8
1099,4
1100,11
1101,5
1102,12
1103,4
1104,5
1105,7
1106,4
1107,8
1108,10
1109,3
1110,9
1111,12
1112,12
1113,8
1114,7
1115,5
1116,7
1117,9
1118,4
1119,10
1120,8
1121,4
1122,10
1123,12
1124,8
1125,1
1126,5
1127,7
1128,9
1129,10
1130,5
1131,14
1132,8
1133,8
1134,7
1135,5
1136,4
1137,2
1138,7
1139,8
1140,3
1141,11
1142,5
1143,10
1144,9
1145,7
1146,14
1147,9
1148,5
1149,9
1150,2
1151,2
1152,9
1153,6
1154,1
1155,5
1156,12
1157,14
1158,2
1159,9
1160,12
1161,7
1162,1
1163,12
1164,1
1165,12
1166,7
1167,2
1168,9
1169,2
1170,5
1171,5
1172,10
1173,9
1174,4
1175,9
1176,14
1177,4
1178,12
1179,10
1180,12
1181,7
1182,9
1183,4
1184,3
1185,14
1186,8
1187,5
1188,5
1189,2
1190,4
1191,5
1192,5
1193,4
1194,3
1195,2
1196,9
1197,12
1198,8
1199,4
1200,10
1201,9
1202,12
1203,10
1204,1
1205,9
1206,5
1207,1
1208,7
1209,6
1210,8
1211,5
1212,5
1213,2
1214,10
1215,11
1216,2
1217,1
1218,5
1219,1
1220,7
1221,3
1222,9
1223,3
1224,5
1225,12
1226,12
1227,5
1228,5
1229,14
1230,10
1231,10
1232,7
1233,5
1234,1
1235,8
1236,9
1237,9
1238,2
1239,10
1240,10
1241,11
1242,5
1243,2
1244,5
1245,1
1246,7
1247,9
1248,2
1249,8
1250,9
1251,7
1252,2
1253,10
1254,2
1255,5
1256,8
1257,9
1258,14
1259,14
1260,10
1261,11
1262,10
1263,8
1264,2
1265,6
1266,7
1267,9
1268,4
1269,12
1270,2
1271,10
1272,8
1273,3
1274,10
1275,5
1276,9
1277,12
1278,5
1279,9
1280,9
1281,9
1282,7
1283,5
1284,1
1285,7
1286,9
1287,6
1288,9
1289,5
1290,7
1291,14
1292,12
1293,9
1294,12
1295,8
1296,14
1297,6
1298,8
1299,5
1300,9
1301,4
1302,11
1303,7
1304,1
1305,9
1306,9
1307,12
1308,1
1309,5
1310,8
1311,8
1312,9
1313,5
1314,9
1315,14
1316,7
1317,5
1318,9
1319,14
1320,8
1321,4
1322,5
1323,12
1324,8
1325,3
1326,5
1327,10
1328,8
1329,7
1330,2
1331,2
1332,7
1333,5
1334,12
1335,12
1336,8
1337,7
1338,8
1339,8
1340,8
1341,7
1342,8
1343,4
1344,9
1345,11
1346,11
1347,7
1348,9
1349,4
1350,2
1351,10
1352,8
1353,11
1354,5
1355,8
1356,7
1357,9
1358,8
1359,9
1360,3
1361,5
1362,2
1363,5
1364,9
1365,9
1366,3
1367,2
1368,10
1369,5
1370,14
1371,3
1372,8
1373,14
1374,4
1375,14
1376,9
1377,9
1378,1
1379,1
1380,5
1381,7
1382,3
1383,11
1384,9
1385,8
1386,1
1387,5
1388,9
1389,9
1390,4
1391,3
1392,8
1393,3
1394,7
1395,7
1396,8
1397,10
1398,11
1399,12
1400,8
1401,7
1402,9
1403,9
1404,3
1405,5
1406,8
1407,8
1408,9
1409,3
1410,9
1411,14
1412,9
1413,8
1414,4
1415,7
1416,9
1417,4
1418,9
1419,5
1420,9
1421,1
1422,2
1423,1
1424,1
1425,14
1426,5
1427,10
1428,8
1429,1
1430,7
1431,7
1432,7
1433,3
1434,5
1435,6
1436,2
1437,10
1438,5
1439,14
1440,5
1441,10
1442,8
1443,5
1444,2
1445,7
1446,12
1447,5
1448,12
1449,9
1450,7
1451,7
1452,4
1453,5
1454,1
1455,5
1456,5
1457,2
1458,9
1459,9
1460,4
1461,5
1462,8
1463,12
1464,8
1465,14
1466,14
1467,3
1468,1
1469,10
1470,3
1471,3
1472,11
1473,7
1474,5
1475,10
1476,14
1477,10
1478,8
1479,5
1480,10
1481,5
1482,3
1483,10
1484,8
1485,10
1486,2
1487,9
1488,8
1489,4
1490,3
1491,3
1492,14
1493,7
1494,1
1495,1
1496,8
1497,9
1498,4
1499,8
1500,14
1501,10
1502,8
1503,10
1504,1
1505,8
1506,6
1507,3
1508,2
1509,11
1510,9
1511,12
1512,14
1513,14
1514,8
1515,9
1516,9
1517,8
1518,5
1519,3
1520,5
1521,1
1522,14
1523,7
1524,7
1525,9
1526,12
1527,1
1528,2
1529,2
1530,8
1531,9
1532,1
1533,9
1534,3
1535,11
1536,9
1537,2
1538,9
1539,10
1540,7
1541,11
1542,4
1543,10
1544,9
1545,5
1546,9
1547,6
1548,1
1549,7
1550,12
1551,8
1552,11
1553,9
1554,7
1555,7
1556,10
1557,10
1558,12
1559,7
1560,2
1561,5
1562,5
1563,8
1564,8
1565,10
1566,10
1567,10
1568,9
1569,5
1570,12
1571,9
1572,7
1573,8
1574,4
1575,5
1576,8
1577,1
1578,4
1579,8
1580,14
1581,8
1582,11
1583,10
1584,3
1585,9
1586,3
1587,14
1588,8
1589,8
1590,5
1591,3
1592,5
1593,7
1594,8
1595,12
1596,10
1597,9
1598,6
1599,14
1600,11
1601,9
1602,7
1603,12
1604,9
1605,5
1606,2
1607,6
1608,8
1609,3
1610,12
1611,3
1612,10
1613,4
1614,12
1615,2
1616,5
1617,10
1618,14
1619,8
1620,8
1621,12
1622,14
1623,8
1624,10
1625,1
1626,8
1627,11
1628,3
1629,6
1630,1
1631,5
1632,5
1633,7
1634,7
1635,4
1636,9
1637,9
1638,1
1639,9
1640,3
1641,2
1642,10
1643,8
1644,2
1645,2
1646,6
1647,8
1648,9
1649,9
1650,4
1651,9
1652,5
1653,1
1654,10
1655,14
1656,5
1657,7
1658,2
1659,4
1660,7
1661,10
1662,2
1663,14
1664,3
1665,5
1666,1
1667,9
1668,5
1669,9
1670,2
1671,5
1672,11
1673,1
1674,10
1675,9
1676,8
1677,3
1678,10
1679,9
1680,3
1681,5
1682,1
1683,7
1684,4
1685,3
1686,8
1687,9
1688,4
1689,14
1690,3
1691,10
1692,1
1693,7
1694,10
1695,3
1696,10
1697,9
1698,8
1699,11
1700,1
1701,8
1702,7
1703,10
1704,10
1705,10
1706,5
1707,14
1708,7
1709,1
1710,9
1711,2
1712,1
1713,12
1714,8
1715,14
1716,10
1717,7
1718,8
1719,5
1720,10
1721,7
1722,3
1723,3
1724,5
1725,5
1726,5
1727,8
1728,4
1729,10
1730,5
1731,3
1732,8
1733,5
1734,5
1735,5
1736,9
1737,2
1738,9
1739,12
1740,14
1741,7
1742,4
1743,8
1744,10
1745,10
1746,1
1747,14
1748,10
1749,12
1750,9
1751,8
1752,7
1753,7
1754,11
1755,9
1756,5
1757,2
1758,5
1759,12
1760,7
1761,12
1762,14
1763,2
1764,4
1765,14
1766,5
1767,11
1768,14
1769,4
1770,1
1771,11
1772,5
1773,8
1774,4
1775,7
1776,14
1777,14
1778,6
1779,3
1780,5
1781,9
1782,7
1783,5
1784,9
1785,7
1786,5
1787,9
1788,4
1789,10
1790,4
1791,1
1792,4
1793,9
1794,3
1795,10
1796,10
1797,8
1798,7
1799,2
1800,3
1801,5
1802,7
1803,3
1804,8
1805,11
1806,12
1807,7
1808,5
1809,12
1810,11
1811,1
1812,10
1813,5
1814,5
1815,10
1816,7
1817,11
1818,9
1819,5
1820,10
1821,7
1822,7
1823,14
1824,5
1825,4
1826,5
1827,14
1828,8
1829,5
1830,7
1831,10
1832,8
1833,10
1834,7
1835,2
1836,11
1837,8
1838,8
1839,9
1840,9
1841,1
1842,7
1843,7
1844,14
1845,1
1846,8
1847,3
1848,2
1849,3
1850,12
1851,12
1852,5
1853,8
1854,4
1855,10
1856,7
1857,1
1858,9
1859,6
1860,1
1861,2
1862,9
1863,9
1864,7
1865,9
1866,5
1867,9
1868,5
1869,12
1870,9
1871,4
1872,5
1873,5
1874,2
1875,8
1876,7
1877,8
1878,3
1879,9
1880,1
1881,5
1882,7
1883,12
1884,10
1885,9
1886,5
1887,5
1888,6
1889,10
1890,5
1891,10
1892,4
1893,3
1894,12
1895,9
1896,1
1897,1
1898,7
1899,5
1900,9
1901,8
1902,12
1903,1
1904,3
1905,14
1906,9
1907,4
1908,12
1909,5
1910,2
1911,2
1912,5
1913,8
1914,14
1915,11
1916,5
1917,8
1918,8
1919,3
1920,3
1921,9
1922,4
1923,7
1924,3
1925,9
1926,11
1927,14
1928,10
1929,5
1930,11
1931,5
1932,10
1933,7
1934,5
1935,5
1936,11
1937,5
1938,5
1939,6
1940,8
1941,14
1942,5
1943,14
1944,14
1945,5
1946,4
1947,4
1948,10
1949,9
1950,4
1951,6
1952,12
1953,8
1954,5
1955,1
1956,8
1957,1
1958,5
1959,9
1960,9
1961,2
1962,12
1963,7
1964,12
1965,11
1966,2
1967,12
1968,9
1969,3
1970,7
1971,4
1972,9
1973,10
1974,14
1975,5
1976,4
1977,14
1978,5
1979,5
1980,1
1981,5
1982,14
1983,5
1984,9
1985,10
1986,7
1987,9
1988,12
1989,4
1990,5
1991,10
1992,5
1993,10
1994,5
1995,9
1996,10
1997,8
1998,12
1999,3
2000,7
2001,14
2002,2
2003,7
2004,3
2005,10
2006,3
2007,9
2008,8
2009,8
2010,2
2011,1
2012,4
2013,9
2014,4
2015,2
2016,5
2017,10
2018,5
2019,7
2020,14
2021,10
2022,11
2023,11
2024,9
2025,9
2026,10
2027,14
2028,7
2029,3
2030,4
2031,12
2032,4
2033,5
2034,3
2035,3
2036,12
2037,9
2038,3
2039,9
2040,9
2041,10
2042,5
2043,7
2044,9
2045,9
2046,9
2047,7
2048,9
2049,12
2050,1
2051,8
2052,9
2053,10
2054,5
2055,12
2056,8
2057,2
2058,1
2059,4
2060,4
2061,9
2062,5
2063,8
2064,10
2065,1
2066,8
2067,3
2068,5
2069,5
2070,8
2071,5
2072,8
2073,3
2074,5
2075,10
2076,8
2077,3
2078,12
2079,5
2080,7
2081,12
2082,8
2083,2
2084,8
2085,3
2086,10
2087,14
2088,7
2089,9
2090,3
2091,9
2092,5
2093,5
2094,9
2095,1
2096,1
2097,5
2098,3
2099,9
2100,8
2101,8
2102,5
2103,4
2104,5
2105,12
2106,2
2107,5
2108,11
2109,8
2110,2
2111,14
2112,5
2113,5
2114,2
2115,5
2116,8
2117,10
2118,9
2119,9
2120,14
2121,12
2122,5
2123,3
2124,10
2125,4
2126,1
2127,12
2128,3
2129,6
2130,8
2131,9
2132,9
2133,5
2134,11
2135,7
2136,7
2137,8
2138,3
2139,10
2140,12
2141,7
2142,8
2143,5
2144,11
2145,8
2146,4
2147,7
2148,11
2149,4
2150,11
2151,1
2152,8
2153,3
2154,3
2155,9
2156,5
2157,2
2158,4
2159,11
2160,5
2161,4
2162,4
2163,8
2164,5
2165,14
2166,9
2167,6
2168,9
2169,5
2170,3
2171,7
2172,7
2173,14
2174,12
2175,12
2176,5
2177,9
2178,9
2179,6
2180,8
2181,8
2182,10
2183,14
2184,12
2185,11
2186,3
2187,8
2188,12
2189,5
2190,12
2191,5
2192,12
2193,9
2194,1
2195,9
2196,12
2197,5
2198,9
2199,10
2200,11
2201,9
2202,9
2203,1
2204,4
2205,1
2206,11
2207,1
2208,8
2209,1
2210,6
2211,6
2212,8
2213,11
2214,12
2215,4
2216,14
2217,1
2218,14
2219,10
2220,5
2221,5
2222,3
2223,3
2224,9
2225,7
2226,9
2227,4
2228,11
2229,10
2230,5
2231,3
2232,10
2233,5
2234,11
2235,9
2236,8
2237,5
2238,5
2239,5
2240,10
2241,11
2242,7
2243,10
2244,5
2245,2
2246,8
2247,7
2248,8
2249,10
2250,1
2251,11
2252,9
2253,9
2254,3
2255,5
2256,2
2257,2
2258,1
2259,14
2260,1
2261,12
2262,7
2263,7
2264,8
2265,4
2266,10
2267,7
2268,2
2269,4
2270,5
2271,8
2272,2
2273,14
2274,1
2275,9
2276,5
2277,3
2278,2
2279,4
2280,12
2281,3
2282,5
2283,10
2284,14
2285,6
2286,8
2287,8
2288,5
2289,10
2290,4
2291,2
2292,8
2293,10
2294,8
2295,6
2296,8
2297,9
2298,4
2299,2
2300,1
2301,14
2302,4
2303,7
2304,10
2305,7
2306,9
2307,4
2308,10
2309,5
2310,8
2311,5
2312,9
2313,1
2314,11
2315,1
2316,4
2317,5
2318,2
2319,9
2320,4
2321,4
2322,12
2323,3
2324,12
2325,2
2326,11
2327,1
2328,4
2329,7
2330,10
2331,10
2332,9
2333,8
2334,11
2335,3
2336,11
2337,9
2338,7
2339,4
2340,3
2341,1
2342,4
2343,8
2344,5
2345,4
2346,8
2347,10
2348,9
2349,5
2350,10
2351,14
2352,12
2353,8
2354,1
2355,8
2356,5
2357,9
2358,5
2359,3
2360,5
2361,1
2362,9
2363,9
2364,4
2365,10
2366,9
2367,14
2368,5
2369,7
2370,1
2371,12
2372,10
2373,4
2374,12
2375,1
2376,10
2377,1
2378,14
2379,9
2380,8
2381,5
2382,3
2383,5
2384,5
2385,4
2386,2
2387,8
2388,7
2389,12
2390,1
2391,7
2392,9
2393,9
2394,10
2395,8
2396,4
2397,5
2398,5
2399,8
2400,9
2401,8
2402,9
2403,7
2404,3
2405,14
2406,6
2407,10
2408,9
2409,4
2410,14
2411,12
2412,14
2413,14
2414,1
2415,8
2416,5
2417,10
2418,9
2419,4
2420,8
2421,8
2422,9
2423,14
2424,3
2425,4
2426,5
2427,4
2428,10
2429,8
2430,8
2431,1
2432,8
2433,4
2434,1
2435,11
2436,14
2437,14
2438,9
2439,4
2440,9
2441,7
2442,8
2443,10
2444,8
2445,7
2446,11
2447,1
2448,3
2449,8
2450,4
2451,14
2452,10
2453,9
2454,12
2455,10
2456,8
2457,9
2458,2
2459,5
2460,3
2461,12
2462,10
2463,2
2464,12
2465,14
2466,9
2467,9
2468,9
2469,1
2470,7
2471,3
2472,7
2473,2
2474,7
2475,8
2476,11
2477,9
2478,5
2479,10
2480,5
2481,7
2482,8
2483,4
2484,5
2485,8
2486,4
2487,10
2488,14
2489,14
2490,11
2491,9
2492,2
2493,8
2494,9
2495,9
2496,10
2497,1
2498,14
2499,5
2500,5
2501,2
2502,9
2503,5
2504,5
2505,9
2506,12
2507,9
2508,10
2509,5
2510,12
2511,2
2512,14
2513,7
2514,14
2515,5
2516,8
2517,10
2518,4
2519,12
2520,9
2521,2
2522,12
2523,9
2524,8
2525,9
2526,7
2527,9
2528,8
2529,1
2530,4
2531,1
2532,8
2533,8
2534,1
2535,3
2536,9
2537,14
2538,10
2539,5
2540,5
2541,12
2542,12
2543,10
2544,1
2545,8
2546,8
2547,5
2548,14
2549,10
2550,12
2551,9
2552,14
2553,10
2554,5
2555,1
2556,10
2557,4
2558,11
2559,10
2560,5
2561,4
2562,10
2563,2
2564,1
2565,5
2566,9
2567,1
2568,11
2569,9
2570,14
2571,5
2572,4
2573,8
2574,8
2575,2
2576,10
2577,3
2578,5
2579,1
2580,8
2581,5
2582,14
2583,12
2584,8
2585,14
2586,3
2587,5
2588,5
2589,6
2590,2
2591,2
2592,8
2593,10
2594,10
2595,8
2596,3
2597,1
2598,5
2599,7
2600,11
2601,7
2602,2
2603,9
2604,12
2605,11
2606,9
2607,9
2608,7
2609,3
2610,4
2611,9
2612,8
2613,7
2614,10
2615,7
2616,8
2617,4
2618,8
2619,5
2620,8
2621,5
2622,2
2623,8
2624,14
2625,11
2626,5
2627,5
2628,8
2629,9
2630,11
2631,7
2632,7
2633,5
2634,9
2635,9
2636,4
2637,5
2638,10
2639,9
2640,9
2641,4
2642,8
2643,9
2644,5
2645,9
2646,8
2647,8
2648,12
2649,8
2650,2
2651,4
2652,4
2653,4
2654,6
2655,12
2656,9
2657,9
2658,1
2659,11
2660,4
2661,11
2662,14
2663,10
2664,14
2665,8
2666,12
2667,2
2668,9
2669,9
2670,12
2671,8
2672,14
2673,9
2674,12
2675,11
2676,8
2677,5
2678,8
2679,5
2680,2
2681,4
2682,7
2683,2
2684,10
2685,1
2686,2
2687,8
2688,12
2689,11
2690,7
2691,8
2692,9
2693,9
2694,5
2695,8
2696,2
2697,9
2698,5
2699,6
2700,10
2701,12
2702,3
2703,8
2704,6
2705,14
2706,5
2707,11
2708,8
2709,8
2710,12
2711,12
2712,9
2713,9
2714,9
2715,4
2716,2
2717,9
2718,9
2719,3
2720,3
2721,11
2722,9
2723,14
2724,3
2725,5
2726,8
2727,9
2728,9
2729,1
2730,4
2731,9
2732,8
2733,1
2734,14
2735,5
2736,14
2737,5
2738,5
2739,5
2740,3
2741,14
2742,5
2743,5
2744,2
2745,12
2746,5
2747,8
2748,4
2749,10
2750,2
2751,14
2752,9
2753,9
2754,5
2755,4
2756,8
2757,9
2758,5
2759,12
2760,1
2761,8
2762,8
2763,5
2764,10
2765,5
2766,11
2767,6
2768,10
2769,14
2770,1
2771,3
2772,8
2773,2
2774,7
2775,1
2776,12
2777,2
2778,9
2779,9
2780,5
2781,10
2782,9
2783,4
2784,8
2785,1
2786,9
2787,6
2788,10
2789,2
2790,9
2791,10
2792,6
2793,5
2794,3
2795,12
2796,9
2797,1
2798,5
2799,7
2800,8
2801,10
2802,11
2803,1
2804,5
2805,8
2806,5
2807,2
2808,10
2809,5
2810,11
2811,5
2812,7
2813,1
2814,3
2815,7
2816,14
2817,11
2818,11
2819,5
2820,10
2821,10
2822,11
2823,11
2824,8
2825,9
2826,11
2827,2
2828,8
2829,5
2830,1
2831,7
2832,5
2833,4
2834,5
2835,12
2836,2
2837,5
2838,6
2839,8
2840,3
2841,5
2842,7
2843,10
2844,9
2845,12
2846,5
2847,4
2848,5
2849,9
2850,1
2851,10
2852,5
2853,5
2854,1
2855,8
2856,11
2857,10
2858,9
2859,9
2860,1
2861,7
2862,5
2863,10
2864,8
2865,7
2866,1
2867,11
2868,5
2869,10
2870,9
2871,1
2872,14
2873,2
2874,3
2875,7
2876,9
2877,8
2878,8
2879,2
2880,7
2881,9
2882,2
2883,5
2884,12
2885,9
2886,8
2887,2
2888,5
2889,9
2890,14
2891,1
2892,1
2893,3
2894,10
2895,10
2896,4
2897,5
2898,11
2899,6
2900,10
2901,11
2902,8
2903,1
2904,7
2905,9
2906,1
2907,2
2908,4
2909,7
2910,1
2911,9
2912,8
2913,12
2914,10
2915,12
2916,5
2917,8
2918,5
2919,12
2920,5
2921,9
2922,9
2923,3
2924,5
2925,9
2926,10
2927,8
2928,2
2929,5
2930,10
2931,2
2932,5
2933,6
2934,5
2935,9
2936,7
2937,5
2938,9
2939,3
2940,4
2941,8
2942,8
2943,1
2944,4
2945,9
2946,4
2947,2
2948,5
2949,3
2950,14
2951,9
2952,2
2953,1
2954,11
2955,12
2956,14
2957,3
2958,7
2959,11
2960,4
2961,14
2962,9
2963,9
2964,9
2965,11
2966,8
2967,4
2968,8
2969,6
2970,7
2971,4
2972,8
2973,10
2974,4
2975,7
2976,8
2977,14
2978,14
2979,9
2980,6
2981,4
2982,2
2983,5
2984,14
2985,10
2986,3
2987,9
2988,7
2989,7
2990,8
2991,9
2992,4
2993,8
2994,7
2995,2
2996,11
2997,5
2998,8
2999,10
3000,4
3001,9
3002,2
3003,11
3004,2
3005,8
3006,7
3007,1
3008,14
3009,9
3010,14
3011,4
3012,7
3013,4
3014,2
3015,5
3016,9
3017,14
3018,9
3019,9
3020,10
3021,7
3022,4
3023,4
3024,9
3025,10
3026,8
3027,5
3028,9
3029,4
3030,7
3031,12
3032,2
3033,7
3034,3
3035,5
3036,4
3037,9
3038,14
3039,4
3040,9
3041,4
3042,14
3043,6
3044,7
3045,5
3046,9
3047,8
3048,8
3049,5
3050,8
3051,11
3052,2
3053,10
3054,2
3055,9
3056,9
3057,10
3058,9
3059,8
3060,14
3061,10
3062,8
3063,5
3064,9
3065,5
3066,7
3067,12
3068,1
3069,5
3070,7
3071,5
3072,8
3073,10
3074,10
3075,2
3076,11
3077,4
3078,10
3079,8
3080,10
3081,5
3082,12
3083,1
3084,3
3085,5
3086,7
3087,12
3088,5
3089,10
3090,8
3091,7
3092,11
3093,10
3094,3
3095,5
3096,3
3097,9
3098,1
3099,5
3100,2
3101,5
3102,10
3103,4
3104,5
3105,5
3106,1
3107,11
3108,11
3109,5
3110,7
3111,12
3112,12
3113,10
3114,3
3115,5
3116,7
3117,12
3118,4
3119,1
3120,10
3121,5
3122,12
3123,3
3124,1
3125,5
3126,5
3127,10
3128,3
3129,1
3130,7
3131,11
3132,5
3133,3
3134,9
3135,5
3136,2
3137,14
3138,10
3139,5
3140,5
3141,4
3142,3
3143,8
3144,14
3145,14
3146,5
3147,9
3148,10
3149,7
3150,5
3151,7
3152,7
3153,3
3154,4
3155,5
3156,14
3157,3
3158,2
3159,9
3160,14
3161,9
3162,2
3163,4
3164,10
3165,3
3166,11
3167,14
3168,14
3169,8
3170,8
3171,4
3172,14
3173,14
3174,5
3175,8
3176,11
3177,9
3178,10
3179,11
3180,14
3181,4
3182,8
3183,10
3184,5
3185,9
3186,5
3187,7
3188,9
3189,9
3190,9
3191,8
3192,12
3193,9
3194,5
3195,12
3196,6
3197,3
3198,9
3199,3
3200,8
3201,9
3202,9
3203,14
3204,10
3205,7
3206,10
3207,14
3208,10
3209,4
3210,8
3211,7
3212,7
3213,2
3214,5
3215,5
3216,11
3217,10
3218,12
3219,1
3220,9
3221,8
3222,9
3223,9
3224,8
3225,14
3226,5
3227,9
3228,4
3229,9
3230,9
3231,7
3232,10
3233,7
3234,10
3235,9
3236,8
3237,12
3238,11
3239,1
3240,10
3241,4
3242,9
3243,6
3244,12
3245,2
3246,11
3247,10
3248,9
3249,8
3250,14
3251,8
3252,2
3253,7
3254,3
3255,9
3256,11
3257,14
3258,5
3259,8
3260,5
3261,5
3262,7
3263,3
3264,14
3265,9
3266,7
3267,8
3268,14
3269,11
3270,5
3271,1
3272,3
3273,8
3274,12
3275,9
3276,9
3277,1
3278,14
3279,8
3280,5
3281,9
3282,4
3283,10
3284,4
3285,9
3286,5
3287,1
3288,4
3289,4
3290,14
3291,4
3292,2
3293,3
3294,4
3295,8
3296,14
3297,5
3298,5
3299,3
3300,10
3301,4
3302,10
3303,1
3304,8
3305,12
3306,5
3307,10
3308,9
3309,2
3310,5
3311,5
3312,9
3313,8
3314,9
3315,9
3316,7
3317,3
3318,7
3319,7
3320,4
3321,9
3322,8
3323,4
3324,14
3325,14
3326,2
3327,10
3328,1
3329,7
3330,14
3331,14
3332,7
3333,3
3334,12
3335,9
3336,2
3337,10
3338,9
3339,9
3340,1
3341,9
3342,4
3343,12
3344,8
3345,7
3346,9
3347,1
3348,12
3349,14
3350,11
3351,8
3352,10
3353,5
3354,1
3355,8
3356,2
3357,8
3358,9
3359,5
3360,5
3361,8
3362,2
3363,3
3364,14
3365,7
3366,10
3367,7
3368,11
3369,5
3370,6
3371,11
3372,10
3373,14
3374,1
3375,11
3376,10
3377,11
3378,5
3379,8
3380,5
3381,9
3382,4
3383,3
3384,5
3385,12
3386,9
3387,10
3388,9
3389,9
3390,5
3391,10
3392,5
3393,2
3394,4
3395,8
3396,2
3397,3
3398,12
3399,8
3400,8
3401,9
3402,3
3403,9
3404,5
3405,8
3406,4
3407,14
3408,5
3409,11
3410,3
3411,1
3412,7
3413,12
3414,7
3415,14
3416,3
3417,4
3418,7
3419,11
3420,1
3421,11
3422,11
3423,5
3424,5
3425,14
3426,8
3427,5
3428,7
3429,10
3430,9
3431,9
3432,1
3433,9
3434,7
3435,1
3436,3
3437,5
3438,9
3439,8
3440,8
3441,9
3442,7
3443,14
3444,9
3445,11
3446,14
3447,4
3448,7
3449,6
3450,4
3451,5
3452,4
3453,3
3454,4
3455,2
3456,9
3457,9
3458,9
3459,10
3460,1
3461,9
3462,10
3463,5
3464,8
3465,1
3466,5
3467,9
3468,5
3469,9
3470,5
3471,8
3472,8
3473,3
3474,8
3475,14
3476,11
3477,8
3478,10
3479,9
3480,1
3481,12
3482,3
3483,12
3484,2
3485,3
3486,3
3487,5
3488,5
3489,9
3490,1
3491,12
3492,11
3493,11
3494,4
3495,8
3496,12
3497,5
3498,3
3499,1
3500,8
